50 x 1
<1>
208 
6 
5 
13 
6 
1 
30 
14 
16 
15 
8 
2 
1 
11 
30 
5 
14 
2 
6 
12 
16 
30 
2 
17 
20 
26 
9 
1 
15 
14 
6 
15 
19 
10 
28 
17 
2 
19 
30 
18 
25 
29 
11 
25 
10 
2 
21 
23 
3 
19 

<2>
204 
18 
18 
28 
5 
7 
23 
5 
29 
29 
19 
4 
14 
29 
6 
3 
7 
29 
21 
6 
8 
7 
5 
11 
1 
14 
12 
21 
28 
7 
9 
24 
24 
18 
14 
20 
17 
6 
25 
15 
5 
5 
11 
10 
25 
8 
12 
2 
6 
2 

<3>
228 
6 
30 
3 
16 
30 
8 
19 
12 
28 
25 
13 
13 
19 
22 
26 
30 
8 
2 
16 
23 
28 
20 
3 
7 
7 
10 
18 
30 
7 
11 
28 
12 
10 
23 
19 
1 
22 
8 
4 
19 
2 
16 
2 
20 
8 
27 
12 
7 
20 

<4>
226 
29 
9 
9 
23 
15 
15 
2 
24 
14 
9 
4 
11 
12 
5 
25 
1 
5 
17 
8 
1 
5 
9 
16 
28 
21 
15 
25 
2 
22 
6 
28 
12 
15 
28 
5 
29 
12 
28 
15 
17 
28 
10 
20 
10 
15 
14 
10 
11 
30 

<5>
208 
11 
27 
9 
19 
24 
29 
25 
10 
22 
8 
16 
12 
20 
22 
9 
16 
20 
13 
13 
26 
21 
11 
6 
10 
20 
20 
16 
21 
22 
7 
21 
25 
25 
29 
13 
11 
28 
29 
12 
11 
7 
27 
22 
18 
10 
1 
3 
30 
5 

<6>
214 
17 
25 
25 
22 
27 
6 
3 
4 
18 
25 
2 
8 
19 
27 
7 
23 
7 
26 
13 
18 
6 
19 
7 
20 
28 
8 
12 
30 
7 
16 
7 
24 
10 
23 
7 
28 
29 
10 
1 
8 
4 
3 
16 
14 
21 
14 
6 
19 
1 

<7>
209 
28 
6 
29 
26 
17 
18 
4 
28 
18 
2 
13 
16 
17 
15 
8 
24 
12 
28 
3 
5 
6 
28 
29 
13 
11 
19 
18 
8 
29 
18 
17 
26 
23 
7 
22 
2 
25 
25 
29 
4 
26 
12 
19 
13 
18 
18 
28 
21 
8 

<8>
229 
17 
5 
27 
15 
9 
29 
25 
26 
6 
23 
13 
14 
19 
27 
21 
2 
28 
7 
26 
27 
10 
13 
30 
20 
17 
9 
29 
14 
29 
28 
13 
16 
2 
1 
22 
10 
29 
9 
5 
26 
1 
9 
10 
11 
6 
22 
12 
3 
28 

<9>
228 
21 
29 
12 
20 
10 
28 
20 
30 
12 
19 
28 
16 
26 
29 
17 
9 
1 
7 
17 
27 
3 
10 
6 
4 
20 
11 
17 
24 
13 
6 
22 
26 
4 
25 
15 
5 
23 
27 
4 
26 
15 
1 
11 
2 
22 
19 
2 
22 
26 

<10>
218 
10 
20 
20 
15 
23 
1 
25 
9 
24 
30 
14 
8 
25 
9 
2 
1 
5 
16 
27 
8 
3 
3 
1 
14 
26 
14 
24 
28 
27 
19 
8 
6 
8 
27 
21 
22 
27 
15 
30 
13 
6 
5 
12 
30 
5 
5 
23 
9 
21 

<11>
218 
17 
15 
14 
9 
28 
9 
22 
22 
6 
18 
2 
13 
15 
10 
1 
5 
23 
28 
12 
23 
2 
17 
19 
13 
17 
24 
17 
1 
2 
29 
11 
10 
14 
24 
10 
3 
3 
23 
16 
30 
10 
18 
13 
25 
19 
13 
21 
11 
2 

<12>
201 
25 
3 
19 
14 
15 
27 
29 
24 
27 
22 
22 
7 
2 
5 
1 
3 
30 
25 
26 
15 
24 
27 
2 
28 
13 
20 
3 
4 
23 
4 
5 
17 
29 
15 
22 
5 
11 
12 
28 
29 
4 
12 
6 
27 
8 
28 
29 
7 
14 

<13>
223 
22 
7 
21 
23 
27 
3 
5 
29 
28 
19 
2 
3 
27 
22 
17 
11 
27 
20 
22 
16 
18 
25 
27 
15 
13 
5 
4 
12 
11 
17 
27 
24 
24 
9 
9 
12 
12 
5 
10 
1 
23 
3 
25 
19 
25 
4 
21 
13 
23 

<14>
212 
28 
2 
29 
25 
17 
12 
21 
20 
15 
23 
7 
11 
17 
22 
20 
25 
3 
23 
29 
12 
23 
13 
6 
18 
23 
30 
21 
14 
12 
5 
26 
10 
6 
16 
26 
14 
27 
16 
4 
11 
8 
2 
14 
16 
15 
3 
10 
17 
25 

<15>
229 
20 
9 
12 
17 
18 
5 
17 
30 
10 
20 
4 
5 
21 
2 
12 
8 
15 
9 
23 
10 
11 
23 
11 
24 
8 
25 
18 
10 
3 
4 
9 
14 
13 
13 
1 
30 
9 
9 
22 
18 
20 
25 
14 
3 
26 
25 
10 
11 
25 

<16>
202 
20 
28 
17 
23 
13 
16 
9 
1 
25 
4 
4 
26 
17 
8 
30 
9 
30 
8 
9 
21 
17 
21 
15 
30 
23 
3 
16 
2 
5 
3 
26 
24 
30 
12 
8 
12 
28 
17 
4 
14 
20 
8 
9 
28 
7 
8 
29 
6 
7 

<17>
228 
18 
23 
19 
25 
14 
11 
27 
22 
5 
1 
24 
30 
16 
23 
4 
16 
26 
1 
2 
30 
6 
13 
29 
15 
2 
5 
14 
22 
3 
21 
21 
12 
5 
1 
6 
19 
4 
24 
10 
8 
16 
25 
7 
24 
17 
10 
9 
4 
2 

<18>
201 
3 
8 
6 
23 
14 
7 
20 
27 
29 
14 
9 
11 
25 
6 
3 
23 
24 
6 
16 
25 
13 
24 
11 
20 
17 
19 
21 
17 
22 
23 
18 
17 
22 
23 
9 
5 
21 
28 
23 
11 
11 
2 
21 
28 
7 
24 
20 
22 
29 

<19>
204 
8 
4 
20 
18 
15 
6 
6 
5 
22 
19 
19 
1 
5 
10 
23 
14 
6 
14 
3 
29 
16 
6 
22 
7 
3 
20 
22 
22 
3 
12 
18 
2 
15 
8 
11 
29 
5 
8 
26 
19 
26 
14 
19 
23 
16 
4 
28 
13 
9 

<20>
229 
3 
24 
5 
24 
22 
7 
5 
5 
20 
29 
17 
8 
30 
23 
7 
2 
14 
3 
9 
1 
21 
27 
14 
2 
19 
21 
27 
16 
4 
5 
7 
6 
20 
12 
22 
12 
10 
18 
8 
22 
17 
16 
21 
8 
9 
27 
10 
14 
29 

<21>
209 
14 
12 
6 
19 
13 
24 
2 
9 
1 
5 
5 
8 
2 
24 
11 
15 
27 
12 
3 
5 
3 
19 
20 
23 
26 
20 
11 
27 
25 
10 
7 
30 
13 
12 
19 
25 
28 
20 
25 
20 
16 
29 
19 
17 
22 
29 
2 
11 
11 

<22>
225 
15 
5 
14 
26 
20 
1 
8 
30 
20 
2 
1 
26 
2 
13 
29 
12 
7 
18 
23 
23 
8 
8 
21 
26 
16 
5 
17 
9 
15 
19 
4 
21 
23 
9 
16 
12 
2 
15 
4 
21 
17 
4 
8 
10 
17 
6 
13 
15 
16 

<23>
204 
8 
23 
4 
20 
10 
19 
24 
26 
28 
8 
14 
23 
28 
29 
24 
14 
2 
25 
28 
5 
7 
6 
9 
14 
7 
17 
11 
19 
23 
26 
15 
22 
18 
18 
12 
20 
7 
5 
7 
26 
13 
13 
10 
10 
11 
3 
15 
12 
19 

<24>
204 
9 
25 
2 
17 
8 
1 
25 
11 
11 
17 
6 
26 
9 
16 
5 
12 
5 
11 
16 
11 
28 
28 
23 
30 
30 
25 
2 
6 
7 
13 
2 
15 
7 
26 
23 
7 
26 
9 
17 
6 
17 
14 
23 
25 
29 
28 
28 
3 
30 

<25>
213 
6 
20 
3 
28 
19 
24 
23 
12 
30 
21 
24 
23 
27 
23 
18 
11 
21 
5 
19 
29 
11 
5 
12 
25 
22 
11 
22 
19 
5 
22 
24 
10 
11 
27 
30 
21 
20 
14 
2 
11 
26 
18 
26 
22 
10 
13 
24 
22 
10 

<26>
203 
20 
12 
8 
1 
6 
21 
3 
20 
2 
8 
11 
25 
9 
13 
21 
8 
3 
3 
13 
26 
13 
8 
13 
30 
21 
14 
5 
14 
5 
14 
9 
24 
25 
9 
17 
22 
29 
19 
11 
22 
18 
13 
17 
19 
25 
29 
18 
19 
23 

<27>
200 
15 
28 
8 
19 
27 
21 
3 
1 
26 
7 
14 
5 
23 
30 
13 
9 
22 
3 
19 
24 
25 
29 
7 
11 
17 
23 
1 
4 
12 
24 
26 
18 
21 
4 
28 
17 
16 
30 
18 
11 
29 
23 
15 
21 
15 
19 
21 
6 
22 

<28>
200 
29 
16 
29 
27 
18 
15 
20 
18 
11 
1 
3 
6 
10 
23 
1 
7 
2 
16 
29 
11 
19 
19 
3 
25 
9 
17 
14 
21 
14 
5 
21 
5 
12 
12 
1 
29 
26 
20 
16 
28 
12 
19 
26 
21 
3 
26 
20 
4 
4 

<29>
217 
6 
14 
6 
1 
8 
6 
9 
13 
18 
23 
17 
30 
19 
28 
11 
19 
18 
29 
1 
26 
26 
12 
6 
21 
25 
8 
9 
6 
4 
4 
23 
9 
17 
20 
1 
24 
17 
10 
29 
26 
2 
7 
25 
12 
27 
6 
30 
14 
4 

<30>
221 
9 
21 
4 
14 
12 
20 
14 
12 
25 
17 
15 
9 
17 
1 
20 
18 
16 
28 
27 
14 
23 
20 
13 
17 
1 
9 
22 
22 
22 
17 
14 
1 
8 
9 
6 
11 
20 
19 
14 
14 
5 
28 
14 
14 
20 
3 
1 
27 
30 

<31>
218 
3 
14 
8 
15 
30 
30 
23 
14 
13 
14 
22 
18 
6 
29 
26 
12 
1 
15 
30 
14 
20 
27 
3 
3 
10 
22 
27 
2 
19 
18 
20 
13 
1 
19 
27 
1 
10 
19 
6 
22 
24 
27 
10 
22 
18 
27 
3 
18 
4 

<32>
223 
24 
23 
20 
26 
18 
21 
10 
6 
22 
28 
24 
3 
2 
24 
13 
28 
16 
14 
8 
13 
6 
23 
10 
7 
14 
19 
25 
16 
28 
28 
10 
21 
13 
21 
17 
22 
12 
18 
27 
25 
15 
20 
20 
8 
6 
2 
5 
21 
8 

<33>
203 
4 
5 
26 
5 
11 
10 
23 
27 
25 
12 
25 
26 
3 
29 
9 
11 
20 
20 
28 
8 
6 
4 
20 
17 
11 
25 
11 
7 
7 
18 
10 
2 
22 
5 
28 
24 
14 
12 
20 
1 
24 
6 
26 
26 
4 
26 
28 
15 
7 

<34>
224 
23 
13 
20 
4 
29 
30 
28 
9 
28 
26 
18 
7 
28 
9 
11 
25 
2 
17 
7 
22 
17 
22 
19 
4 
17 
23 
30 
14 
29 
6 
30 
21 
10 
19 
24 
1 
10 
13 
1 
7 
9 
19 
5 
28 
19 
7 
14 
21 
23 

<35>
211 
4 
1 
3 
22 
27 
19 
6 
18 
24 
5 
15 
15 
17 
25 
25 
3 
17 
4 
15 
17 
2 
15 
27 
6 
4 
16 
13 
18 
28 
27 
29 
1 
28 
24 
14 
24 
12 
20 
11 
28 
24 
17 
4 
2 
11 
29 
4 
19 
2 

<36>
210 
28 
26 
17 
24 
1 
21 
1 
5 
8 
28 
2 
28 
20 
21 
21 
4 
6 
25 
15 
8 
14 
30 
24 
17 
1 
27 
15 
5 
15 
9 
7 
12 
4 
23 
28 
26 
13 
28 
23 
12 
26 
16 
10 
7 
6 
22 
10 
11 
8 

<37>
223 
18 
13 
23 
11 
30 
16 
7 
6 
20 
14 
14 
26 
25 
9 
18 
22 
27 
23 
12 
19 
4 
29 
4 
5 
5 
1 
19 
15 
11 
26 
30 
20 
9 
15 
30 
30 
30 
29 
5 
11 
12 
11 
6 
28 
19 
15 
20 
7 
7 

<38>
222 
25 
3 
21 
20 
7 
25 
20 
25 
9 
30 
13 
1 
11 
21 
15 
11 
20 
14 
1 
16 
16 
12 
26 
21 
9 
7 
27 
20 
13 
26 
12 
8 
20 
2 
19 
26 
19 
9 
13 
19 
30 
25 
19 
11 
7 
3 
13 
18 
8 

<39>
212 
3 
23 
16 
21 
5 
16 
27 
24 
28 
9 
11 
1 
8 
30 
25 
27 
17 
13 
27 
29 
1 
18 
15 
20 
28 
21 
14 
2 
30 
14 
14 
3 
28 
21 
23 
25 
29 
11 
18 
26 
19 
28 
26 
19 
19 
20 
7 
5 
24 

<40>
202 
26 
25 
20 
10 
6 
10 
23 
11 
11 
22 
24 
17 
16 
14 
29 
30 
8 
27 
10 
25 
22 
29 
14 
10 
9 
24 
21 
15 
20 
15 
17 
15 
1 
28 
17 
28 
29 
1 
8 
10 
22 
24 
18 
30 
7 
16 
29 
6 
5 

<41>
208 
22 
26 
29 
5 
27 
7 
20 
18 
21 
9 
24 
29 
24 
16 
26 
2 
5 
25 
2 
4 
26 
15 
27 
5 
14 
25 
12 
13 
30 
16 
21 
21 
4 
19 
17 
30 
25 
6 
9 
15 
7 
24 
5 
30 
1 
30 
23 
5 
16 

<42>
223 
9 
3 
8 
27 
29 
22 
14 
11 
4 
5 
26 
16 
18 
21 
4 
26 
13 
20 
24 
13 
26 
30 
29 
30 
21 
29 
21 
13 
26 
7 
6 
26 
1 
5 
14 
30 
18 
27 
2 
21 
24 
27 
28 
11 
10 
1 
6 
22 
12 

<43>
220 
26 
7 
20 
24 
6 
10 
15 
19 
22 
2 
17 
19 
27 
17 
16 
2 
8 
3 
21 
9 
16 
14 
28 
13 
16 
7 
6 
13 
20 
17 
4 
15 
16 
23 
1 
13 
25 
15 
1 
16 
8 
17 
27 
26 
4 
12 
27 
11 
6 

<44>
216 
20 
21 
30 
17 
4 
7 
15 
9 
20 
4 
17 
23 
10 
2 
7 
2 
15 
1 
16 
15 
9 
15 
2 
27 
10 
27 
8 
7 
29 
13 
15 
10 
26 
7 
18 
29 
13 
2 
29 
2 
27 
15 
16 
29 
17 
23 
30 
1 
15 

<45>
207 
7 
23 
22 
30 
19 
2 
26 
18 
30 
17 
23 
14 
26 
18 
20 
14 
8 
3 
7 
6 
26 
4 
20 
4 
2 
6 
18 
23 
28 
2 
30 
27 
17 
22 
26 
5 
15 
22 
15 
14 
8 
7 
27 
25 
16 
9 
8 
23 
3 

<46>
214 
28 
28 
10 
17 
1 
3 
15 
18 
25 
4 
12 
25 
30 
28 
8 
26 
2 
22 
9 
8 
27 
8 
14 
15 
2 
29 
23 
2 
13 
25 
8 
10 
15 
17 
27 
7 
19 
3 
17 
5 
6 
28 
21 
6 
25 
20 
23 
18 
3 

<47>
200 
18 
29 
30 
1 
6 
1 
22 
28 
24 
4 
15 
1 
6 
21 
17 
24 
27 
27 
26 
5 
24 
23 
2 
14 
20 
18 
4 
12 
28 
6 
4 
15 
27 
3 
7 
2 
26 
20 
21 
19 
24 
5 
20 
21 
17 
28 
14 
6 
25 

<48>
208 
10 
18 
1 
4 
23 
21 
21 
26 
24 
10 
24 
28 
16 
20 
30 
23 
21 
17 
12 
11 
6 
27 
8 
17 
17 
24 
14 
30 
21 
30 
30 
1 
9 
23 
4 
2 
5 
16 
19 
28 
18 
12 
17 
3 
23 
9 
17 
13 
25 

<49>
220 
16 
30 
17 
15 
16 
26 
30 
22 
17 
21 
21 
9 
21 
30 
1 
16 
23 
27 
23 
3 
24 
2 
7 
3 
27 
29 
11 
13 
4 
5 
3 
19 
27 
12 
3 
12 
29 
2 
25 
15 
14 
16 
23 
26 
7 
15 
3 
21 
11 

<50>
217 
23 
27 
19 
29 
29 
15 
20 
9 
20 
23 
13 
14 
3 
1 
17 
27 
5 
15 
20 
29 
22 
4 
14 
6 
29 
12 
21 
2 
2 
23 
19 
25 
19 
29 
15 
17 
6 
4 
17 
25 
18 
30 
30 
20 
22 
17 
16 
26 
23 

