50x1
<1>
0.891831 
0.00688773 
-0.0489873 
-0.0621473 
-0.0203649 
-0.042438 
0.0412508 
0.0474511 
0.0302157 
-0.0385912 
-0.00404841 
-0.0885037 
-0.0803162 
-0.0245081 
0.0841384 
-0.100936 
-0.0406883 
-0.00124148 
-0.077412 
-0.0270566 
0.0203777 
0.085759 
-0.069407 
0.0852927 
0.0130534 
0.13125 
0.0253833 
-0.0764514 
0.0724727 
0.00467929 
-0.0302687 
-0.0139178 
-0.0246612 
-0.0538123 
0.0495591 
0.0552586 
-0.125022 
0.0410416 
0.136408 
0.0647727 
-0.000624853 
0.0900967 
-0.0386525 
0.0245949 
0.0128969 
-0.0929841 
0.0183568 
0.0795196 
0.00726946 
0.0292135 

<2>
0.881527 
0.0230444 
0.0394643 
0.130349 
-0.0315919 
0.039177 
0.0933883 
-0.0156245 
0.0160628 
0.0329012 
0.0344374 
-0.0869529 
0.0624098 
0.0305449 
-0.0225862 
-0.0411093 
0.0191296 
0.103118 
0.0984453 
-0.131603 
0.00683903 
-0.0539047 
-0.0213027 
-0.0643459 
-0.0200834 
-0.0527143 
-0.0294416 
0.114452 
0.161835 
-0.043684 
-0.0494099 
0.062526 
0.116658 
-0.00791641 
0.0043521 
-0.0314141 
0.0866368 
-0.0467949 
0.0170009 
-0.106596 
-0.0578842 
-0.0652987 
-0.0292776 
0.0184239 
0.0766261 
-0.00964355 
-0.107956 
-0.0044119 
-0.0894053 
-0.115081 

<3>
1.06406 
-0.0991417 
0.0405337 
-0.0479574 
-0.0923982 
0.0418813 
0.0242521 
-0.072237 
-0.106778 
0.11372 
0.105091 
-0.0446328 
0.00501444 
0.0904207 
0.0163472 
0.0971183 
0.0371513 
-0.154953 
-0.0375144 
0.035594 
0.0923097 
0.15878 
0.0650228 
-0.0971753 
0.0110771 
-0.0422235 
-0.104777 
0.0488193 
0.0893022 
-0.144475 
-0.0817799 
0.127183 
0.0493227 
0.0370587 
0.00872522 
0.0739917 
0.00181874 
0.0383938 
-0.090492 
-0.0785903 
0.0970198 
-0.0631607 
0.0304271 
-0.00279044 
0.012388 
-0.0818513 
0.0943438 
-0.089286 
-0.089329 
-0.0191929 

<4>
1.11088 
0.0904697 
-0.0458553 
-0.0706365 
-0.0177622 
0.0247702 
0.0670022 
0.00165774 
0.0116737 
0.00446444 
-0.0795137 
-0.103498 
0.0204482 
-0.0971855 
-0.0450081 
0.056985 
0.0176197 
0.000862363 
-0.0641391 
-0.0308694 
-0.00164081 
-0.117859 
-0.0611816 
0.0429439 
0.029715 
0.0995627 
-0.000875367 
0.101425 
0.0382913 
0.0674636 
0.0542323 
0.0911777 
-0.105003 
0.0499342 
0.00633665 
-0.138969 
0.146523 
-0.0857718 
0.108605 
-0.0485035 
0.0154487 
-0.00977568 
0.0290953 
-0.0424141 
-0.0814315 
-0.047 
-0.100061 
-0.0301717 
-0.0176415 
0.0978217 

<5>
0.959721 
-0.0559622 
0.0254297 
-0.0704517 
0.0119902 
-0.0238475 
0.0468284 
0.0132231 
0.0404791 
0.111086 
-0.010945 
-0.0541664 
-0.0158183 
0.0128649 
0.0970641 
0.0172593 
-0.0267606 
0.0320233 
-0.0920478 
-0.0868782 
0.070547 
0.00177314 
0.0419925 
-0.0196215 
-0.00126174 
0.0415132 
0.074588 
0.0146498 
-0.0508429 
0.0053277 
-0.0843372 
0.0555642 
0.016401 
0.0103004 
-0.00558948 
-0.00176254 
-0.073845 
-0.0176327 
0.124669 
0.00643746 
-0.0219078 
-0.000429144 
0.0858078 
0.0315697 
0.0451692 
0.00661851 
-0.118422 
-0.0603809 
0.0505195 
-0.0705139 

<6>
0.96814 
0.0686368 
0.154589 
0.0180863 
0.0369044 
0.0070638 
-0.11134 
-0.0858912 
-0.0179626 
0.0237194 
0.108733 
0.0320526 
-0.0476105 
0.108974 
0.0472206 
-0.101364 
-0.0224398 
-0.046677 
0.143428 
-0.0420512 
0.0100805 
-0.0599265 
0.0298178 
-0.0322203 
-0.0498048 
0.1095 
-0.00753664 
0.0249365 
0.117654 
0.0244388 
0.0455916 
-0.0794578 
0.0722326 
-0.0288748 
0.0989478 
-0.020757 
0.0831462 
0.0848952 
-0.00837023 
-0.116091 
-0.132554 
-0.0841136 
-0.0529464 
0.0468579 
0.012585 
-0.0263585 
-0.0813383 
-0.0141778 
-0.0509966 
-0.127719 

<7>
0.952003 
0.0981767 
-0.103835 
0.141424 
0.0138918 
-0.0650818 
-0.00307726 
-0.0268859 
0.00283075 
-0.037298 
-0.0550282 
-0.0216069 
0.0644909 
0.0612544 
0.0455244 
-0.139906 
-0.0448295 
-0.0197371 
-0.0599511 
-0.110881 
-0.0312082 
0.0129699 
-0.0174596 
0.110996 
-0.0266136 
0.0652952 
0.049518 
-0.00509408 
-0.0898685 
0.083087 
-0.0564193 
0.0512928 
-0.00484402 
0.0997216 
-0.0071718 
0.0186828 
-0.0861745 
0.0916975 
0.0963983 
0.0219664 
-0.105948 
-0.0326656 
0.0592028 
0.0501534 
0.0208824 
0.00464858 
0.0577962 
-0.00629931 
0.0486164 
-0.0829554 

<8>
1.06666 
0.110382 
0.0112537 
0.0127714 
-0.0631456 
-0.024715 
0.134277 
0.0537578 
0.0942243 
-0.12399 
-0.0282453 
0.0261537 
-0.0243447 
-0.00183206 
-0.0300203 
0.102758 
-0.0513808 
0.114865 
-0.0161184 
0.102927 
-0.028872 
-0.0714553 
-0.021757 
0.0267163 
0.0927704 
-0.044994 
-0.0679783 
0.107521 
-0.093183 
0.0500667 
0.057986 
-0.0726449 
-0.0341401 
-0.136228 
-0.0321756 
-0.0390997 
0.0592685 
-0.00522535 
-0.0124165 
-0.109961 
0.0113268 
-0.140396 
0.0333498 
-0.0713216 
0.0036789 
-0.030031 
0.0747443 
0.00544449 
-0.00899911 
0.13173 

<9>
0.998757 
0.0742362 
0.10489 
0.0233651 
0.0529937 
0.0255445 
0.0163354 
-0.0475141 
0.0247937 
-0.0650925 
0.00633693 
0.045303 
-0.0206756 
0.128362 
0.0837377 
-0.0443101 
-0.079196 
-0.111927 
-0.0717624 
0.0584704 
-0.00460391 
-0.00408539 
-0.00052079 
-0.0833788 
-0.0425871 
-0.0714396 
-0.0135735 
-0.0560741 
0.013912 
-0.0940267 
0.0124169 
0.103369 
0.0225691 
-0.0355804 
0.0618582 
0.0333673 
-0.129971 
-0.00160748 
0.0343387 
-0.00240042 
0.00272534 
0.00570376 
-0.0178328 
0.0283518 
-0.0594676 
0.0857422 
-0.0117729 
-0.0740222 
-0.0264338 
0.114306 

<10>
0.968556 
0.00298181 
0.052999 
0.0117552 
-0.052201 
0.0587224 
-0.135855 
0.0994884 
0.0132672 
0.0023214 
0.114931 
-0.0926869 
-0.0543526 
0.100544 
-0.0497389 
-0.0548404 
-0.0421941 
0.0132789 
-0.0470744 
0.0875125 
-0.0543104 
-0.0921122 
-0.0428237 
-0.0908378 
-0.0253255 
0.0174559 
0.0614157 
0.0603181 
0.0716807 
0.0652428 
0.000212882 
-0.0261164 
-0.0614263 
-0.0118422 
0.0966877 
0.0203272 
0.0988094 
0.092749 
-0.0978188 
0.0370234 
0.0530324 
-0.0785239 
-0.0712289 
-0.0551025 
0.0932711 
-0.0900674 
-0.0711696 
0.0223577 
0.0269497 
0.0598235 

<11>
0.945283 
0.0218599 
-0.0470424 
0.0119958 
0.0118517 
0.0862924 
-0.0144823 
0.00208187 
0.0860293 
-0.00307898 
0.0655951 
-0.111524 
-0.0410248 
-0.0206391 
-0.104231 
-0.0424738 
-0.0111113 
0.0711904 
0.0236459 
-0.0170256 
0.0373503 
-0.0054278 
0.102789 
0.0310855 
-0.00309007 
-0.0315106 
-0.012517 
0.00692578 
-0.161426 
-0.0316637 
0.0718108 
-0.0278885 
-0.0578226 
-0.0319693 
0.0630956 
-0.093667 
-0.0547482 
-0.137869 
0.0973947 
-0.0386077 
0.119401 
-0.0184808 
-0.0118952 
0.0305848 
0.0719071 
-0.00921201 
0.00637299 
0.112881 
0.0274622 
-0.046751 

<12>
0.949445 
0.0999352 
-0.106218 
-0.0357327 
0.0388852 
0.0416901 
0.109428 
0.0133188 
0.0474666 
0.0860028 
0.0765892 
-0.0338102 
-0.0634026 
-0.0596038 
0.0208653 
-0.131607 
-0.108618 
0.138707 
-0.00650256 
0.0480397 
0.0102881 
0.0139305 
0.0876868 
-0.0107993 
-0.0113897 
0.0201307 
0.0077106 
-0.0687341 
-0.111354 
0.0420868 
0.0236028 
-0.138349 
0.0359304 
0.0967041 
0.0725626 
0.00228148 
-0.109348 
-0.0449479 
-0.0722348 
0.133199 
-0.000780999 
-0.117292 
0.00331107 
-0.0976387 
0.0181962 
-0.100397 
0.0827247 
0.143867 
-0.0704768 
0.0773155 

<13>
1.00893 
0.0493963 
0.0301858 
-0.00504129 
0.0194613 
-0.00192476 
-0.00625782 
-0.06444 
0.0284547 
0.0179595 
0.0274822 
-0.0483421 
-0.0989254 
0.0518101 
0.00146401 
0.0276978 
-0.0894816 
0.0564883 
0.0113436 
0.0469451 
0.0707434 
0.0699746 
0.0731063 
0.0105153 
-0.0333939 
-0.0423791 
-0.042724 
-0.0623458 
-0.0773127 
-0.013338 
0.0136946 
0.0160696 
0.0382596 
0.0556024 
0.0264624 
-0.0568224 
0.0676328 
0.0144686 
-0.12604 
-0.056481 
-0.0348957 
0.0493199 
-0.0659117 
0.099627 
0.0788364 
-0.0184482 
-0.0742688 
-0.0154671 
-0.0206526 
-0.0477163 

<14>
0.951091 
0.0254459 
-0.100818 
0.0300065 
0.086859 
-0.0599455 
-0.0498282 
0.0676223 
0.0856191 
-0.0373871 
-0.0410418 
-0.0242521 
0.0254421 
-0.0193758 
-0.0263288 
0.084361 
0.12862 
-0.038595 
0.000911534 
0.165461 
-0.0773064 
0.0250719 
-0.0962337 
0.00225949 
-0.0638156 
0.0991535 
0.144583 
0.0610431 
-0.0400189 
-0.0454448 
-0.00162681 
-0.0104386 
-0.0559225 
0.00842317 
-0.0481853 
0.0871243 
-0.0384957 
-0.00614471 
-0.060384 
-0.0679601 
-0.00961634 
-0.0545834 
0.0283121 
-0.0448901 
0.0236779 
-0.0380987 
-0.0335141 
-1.01141e-05 
0.0261986 
-0.0246799 

<15>
1.10622 
-0.0069863 
-0.0355825 
-0.0534981 
0.0652818 
0.01451 
0.0243074 
0.0641491 
0.0284629 
-0.0376311 
-0.0546903 
0.0095167 
-0.0050627 
0.080646 
-0.0706461 
-0.0449133 
-0.107858 
0.0606702 
-0.0797342 
0.137611 
-0.0250664 
-0.0135885 
0.0489246 
-0.118705 
0.0993145 
-0.0328088 
0.0165029 
-0.0362375 
-0.0721446 
0.00697731 
-0.0131719 
-0.0673237 
-0.0848923 
-0.0802104 
0.0416602 
-0.0689476 
0.0779648 
0.0677767 
0.000126767 
0.0180821 
-0.0375474 
0.0314269 
0.102903 
-0.0676007 
-0.0901332 
0.0688564 
-0.00716401 
0.0287061 
0.00457408 
0.100619 

<16>
0.936781 
-0.0117029 
0.0335629 
0.0577321 
0.0645907 
-0.0564729 
0.0182997 
-0.108572 
-0.0841762 
0.02911 
-0.00958997 
-0.0628317 
0.011081 
-0.000459846 
-0.0413457 
0.03022 
0.0241765 
0.090576 
-0.0919606 
0.0211862 
-0.00339429 
0.0441296 
0.086989 
0.00627985 
0.079149 
-0.00162467 
-0.05465 
-0.054225 
-0.0275372 
0.00160522 
0.00269413 
0.0025021 
0.0243621 
0.103999 
0.0614073 
-0.0600946 
-0.0302565 
0.0179941 
-0.029757 
-0.060021 
0.0483134 
-0.00988691 
-0.047692 
-0.0610983 
0.0667118 
-0.0858603 
-0.000909712 
0.0584607 
-0.0664609 
0.0522933 

<17>
1.1549 
0.0905492 
0.112544 
0.0416377 
0.0322199 
-0.0242811 
0.0978782 
-0.0274552 
-0.0248713 
0.115898 
-0.166374 
-0.024083 
0.033127 
0.0074952 
0.00423489 
-0.150662 
0.0472878 
0.104217 
-0.153035 
-0.106409 
0.0363876 
-0.0434234 
-0.0687431 
-0.0215882 
0.0267769 
0.00681572 
-0.0986691 
0.0801241 
0.0651036 
-0.0148228 
0.0733234 
0.10612 
-0.00743708 
-0.0599647 
-0.0380163 
-0.03649 
0.0708855 
-0.0870604 
0.0571822 
-0.0357149 
-0.0431163 
0.103937 
0.0527646 
-0.0973829 
0.00238815 
0.0198491 
-0.0231371 
-0.150476 
-0.110197 
-0.0824625 

<18>
0.932829 
-0.077122 
-0.0436582 
-0.0878696 
0.0989297 
0.0644238 
-0.0357294 
0.0087939 
0.142046 
0.00706523 
-0.00875859 
0.026501 
-0.0756073 
-0.00680915 
-0.0315654 
-0.0265825 
0.0404724 
0.10407 
-0.0489504 
0.000351798 
0.0293662 
-0.0475483 
0.0147698 
0.0546373 
-0.00871922 
-0.0237695 
0.0580668 
-0.0211194 
0.0204119 
-0.010204 
0.108021 
-0.0548674 
-0.0435134 
-0.0124793 
0.0163906 
-0.068152 
-0.0881739 
-0.0124758 
0.0423722 
-0.0467517 
-0.0440493 
-0.00668453 
-0.0534634 
0.0551263 
0.0566945 
-0.0590367 
0.00778777 
0.0689125 
0.0160155 
0.00670817 

<19>
0.925085 
-0.0442377 
-0.0506415 
-0.000365847 
-0.0169155 
-0.0215079 
0.0114381 
-0.0417274 
-0.035126 
0.00524467 
-0.0039284 
0.0574533 
-0.10273 
-0.0429779 
-5.55832e-05 
0.020425 
0.0478105 
-0.0518909 
-0.00491679 
-0.0406325 
0.0948795 
-0.00621755 
0.031547 
-0.00855159 
0.0345887 
-0.0620707 
0.0171515 
0.0621546 
-0.0200569 
-0.0511846 
-0.0478963 
0.0532554 
-0.0608128 
0.0819948 
-0.0628401 
0.0067317 
0.012279 
-0.132331 
0.0110058 
0.0251633 
0.0741221 
0.0418747 
0.0730266 
0.000797788 
-0.00819669 
0.0458528 
-0.0682836 
0.123575 
-0.0275183 
-0.064467 

<20>
1.13847 
-0.00477045 
-0.00267427 
-0.0544571 
-0.0562592 
0.107396 
-0.0449768 
-0.0710963 
-0.0631254 
0.0638794 
0.128542 
-0.0163018 
-0.0632244 
0.156626 
0.0114677 
-0.0177839 
-0.0176091 
0.0904252 
-0.0990621 
-0.0788501 
-0.0315463 
0.0525343 
-0.0102217 
0.0247212 
0.0169942 
0.0536493 
-0.0343408 
0.0716295 
-0.0141266 
-0.0612812 
-0.11852 
-0.0765622 
-0.158846 
0.0755582 
0.0396834 
0.0180802 
-0.102454 
-0.0901576 
0.00574372 
0.0629926 
0.0946438 
0.0063133 
-0.100759 
0.0347539 
-0.01496 
-0.0374468 
0.0115061 
0.0572568 
0.039279 
0.141764 

<21>
0.985241 
-0.0211789 
-0.0742148 
0.00300867 
0.0579717 
-0.0689657 
0.0587399 
-0.0354417 
-0.0767712 
-0.0508585 
-0.0511003 
-0.00721654 
0.00821634 
-0.179446 
-0.0109355 
0.0170895 
-0.0601721 
0.0706142 
-0.0501484 
-0.00673881 
-0.0672088 
-0.158103 
0.0676662 
-0.0775289 
0.0506927 
0.066168 
0.00952443 
-0.0494123 
0.110901 
0.103617 
-0.0556648 
-0.0169906 
0.0392697 
0.0142322 
0.0313791 
-0.000857358 
0.113509 
0.0431459 
0.0192344 
0.00596239 
0.0143968 
-0.00375043 
0.0576857 
0.0120557 
0.0962248 
-0.0650633 
0.1438 
-0.125253 
0.0493184 
-0.00724441 

<22>
0.978756 
0.0281676 
-0.107474 
0.00314814 
0.116059 
-0.0447451 
-0.0885795 
-0.112729 
0.0120434 
0.000924407 
-0.0747797 
-0.0598718 
0.0347972 
-0.0417304 
-0.00674053 
0.0738234 
-0.0327062 
0.0236412 
-0.0596891 
0.0925089 
-0.00170692 
-0.0324581 
-0.0742557 
0.0536633 
0.0686451 
0.0719586 
-0.0237494 
-0.0271918 
-0.0256067 
0.0458226 
0.0762731 
-0.0674827 
0.102324 
0.101248 
0.0196245 
0.0969286 
-0.069649 
-0.0944918 
0.0238268 
0.00168974 
0.0127954 
-0.0410406 
-0.0844967 
0.0508249 
-0.00135335 
0.0347472 
-0.0175724 
0.0600238 
-0.0571938 
0.0139072 

<23>
0.924491 
0.00706021 
0.0437432 
-0.0768195 
-0.00624559 
-0.0164858 
-0.0375645 
-0.0249495 
0.0692846 
0.14147 
-0.0527634 
0.0629618 
0.0821135 
0.107105 
0.0790319 
-0.0190105 
0.0518639 
-0.0758799 
0.0744325 
0.0139114 
-0.0980591 
-0.094617 
-0.0497615 
-0.0559304 
0.0121342 
0.0235269 
0.0113077 
0.0633128 
0.078349 
-0.0152772 
-0.000475986 
-0.0755421 
0.0370551 
0.0818017 
-0.0019751 
0.0213263 
0.0478803 
-0.023922 
-0.0553811 
-0.143156 
0.0241213 
-0.0503693 
0.0192826 
0.0240503 
-0.0503006 
-0.0467844 
-0.137974 
0.0684147 
0.0576397 
0.00393505 

<24>
0.965266 
0.0218289 
0.0179977 
-0.140486 
0.0292031 
-0.0321535 
0.000687505 
0.0541396 
-0.00486692 
-0.003954 
0.0307906 
-0.128037 
0.0692047 
-0.0114435 
-0.0682885 
-0.0990368 
-0.0276501 
-0.0554251 
0.0385117 
0.0204211 
-0.0710184 
0.0849686 
0.0322753 
0.0335237 
0.0942563 
0.0560551 
0.0735852 
-0.0259044 
-0.00979434 
-0.0709067 
-0.107971 
-0.0237554 
0.0102334 
0.0172862 
0.117319 
0.0489974 
-0.0691523 
0.0449732 
0.0135306 
0.0543955 
-0.0466667 
-0.0357833 
0.0540646 
0.0519029 
0.00418413 
0.0833755 
0.12223 
-0.000457041 
-0.115792 
0.0206893 

<25>
1.02231 
-0.0900429 
0.0752546 
-0.0492182 
0.0996676 
0.0507366 
0.0147515 
-0.0175858 
0.00095216 
0.0954496 
0.0901929 
0.0739568 
0.0628603 
0.0151001 
0.0151405 
-0.0282534 
-0.0195928 
0.0449242 
0.00802346 
-0.0704473 
0.149942 
-0.0752753 
0.00337416 
-0.00956218 
0.0496288 
-0.0789101 
0.0048373 
-0.00784901 
-0.0323917 
-0.0771371 
-0.0464855 
0.0133744 
-0.0779398 
-0.0504578 
0.0958194 
0.028039 
-0.0306131 
0.0406365 
-0.0820912 
-0.0887685 
-0.0153374 
0.109031 
-0.0125484 
-0.0141418 
-0.000716957 
-0.0792968 
0.0212999 
0.0878284 
0.00919948 
-0.0887564 

<26>
0.932124 
0.0845027 
-0.024718 
-0.0531171 
-0.0410999 
0.029538 
0.0094208 
-0.101999 
0.0493024 
-0.0991026 
0.0243594 
-0.065168 
0.048364 
-0.0583428 
-0.0844091 
-0.0168596 
-0.057307 
0.0129289 
-0.091983 
-0.00984776 
0.0147446 
-0.0853796 
0.0320342 
0.0501791 
0.0324869 
0.0965144 
-0.0202356 
0.00591934 
-0.0331198 
-0.0290269 
0.000753837 
-0.0156684 
0.0298157 
0.0445379 
-0.046934 
-0.0229107 
0.0387264 
0.0359813 
0.042202 
-0.0197127 
-0.0257807 
0.0253829 
0.0417964 
0.0461514 
0.078342 
0.0675901 
0.000680711 
0.0177847 
0.0800023 
-0.0150756 

<27>
0.87207 
0.00510716 
0.058126 
-0.0007571 
0.0550902 
0.113365 
-0.0105347 
-0.0527951 
-0.0836884 
0.0159754 
-0.0396111 
-0.0597892 
-0.0384855 
0.0362791 
0.0917648 
0.0239037 
-0.0168849 
-0.00288654 
-0.0539823 
-0.0115611 
0.0740111 
0.0841198 
-0.00154793 
-0.0269069 
-0.0455191 
-0.0592745 
0.00680994 
-0.0465762 
-0.0948558 
-0.0448148 
0.021761 
-0.00622897 
0.01048 
0.039141 
0.0333669 
0.053462 
0.0126106 
-0.0586915 
0.107322 
0.0197185 
0.00907127 
0.00369757 
0.0532068 
-0.0251611 
0.0146974 
0.000834072 
-0.0171756 
0.0439243 
-0.0667589 
0.0868437 

<28>
0.973142 
0.0262319 
-0.104967 
0.075681 
0.00626306 
0.0951735 
-0.0319194 
0.0300629 
-0.0527396 
0.0134194 
-0.0324236 
-0.101819 
0.0180069 
-0.0681012 
-0.00514657 
-0.144295 
0.0176243 
-0.0116766 
0.0178206 
0.0130848 
0.0563203 
0.00179123 
-0.0588842 
-0.0204894 
0.127778 
-0.0674782 
-0.0216983 
0.0673979 
0.0619245 
0.0404067 
-0.107177 
0.108456 
-0.0133484 
0.0379052 
-0.0586169 
-0.0944762 
0.0119742 
0.0162664 
-0.00483908 
-0.017896 
0.13399 
-0.0569967 
-0.0134274 
0.0626227 
0.0556499 
-0.115036 
0.129524 
0.0716849 
-0.0470957 
-0.0891955 

<29>
0.961076 
-0.0374 
-0.028106 
-0.119377 
0.0464988 
-0.0922216 
-0.0607302 
-0.0153122 
-0.0501424 
-0.052978 
0.0343103 
0.0783479 
0.154724 
-0.0151828 
0.0135279 
0.0225929 
0.0460399 
-0.0254904 
0.0806467 
-0.113312 
0.0913777 
0.00714232 
0.065143 
-0.0198829 
0.0886173 
0.0483845 
-0.0427895 
-0.0636016 
0.0315428 
-0.0760542 
-0.00432173 
0.0464252 
-0.014152 
0.0736301 
0.0222239 
-0.0700108 
0.0694093 
0.0535093 
-0.102021 
0.105327 
0.105683 
-0.0929797 
0.00397082 
0.11135 
-0.0675271 
0.0527668 
-0.0862045 
0.0260127 
-0.0545286 
-0.0970708 

<30>
1.05671 
0.0300259 
0.0669821 
-0.0732599 
0.00425146 
-0.0367092 
0.0168262 
-0.0576506 
0.0131235 
0.043422 
0.0394752 
-0.0373617 
-0.103416 
0.0570715 
-0.114748 
0.0878991 
-0.0397889 
-0.0807192 
0.0230411 
0.141397 
-0.0607923 
0.0551086 
0.0232068 
0.0506828 
0.0509464 
-0.00787763 
-0.0438036 
0.0687758 
0.0656215 
-0.0295425 
-0.0757364 
0.0601648 
-0.0804205 
0.00463869 
-0.0831965 
-0.0077062 
-0.013522 
-0.0131976 
-0.0485122 
-0.0549004 
0.0953422 
-0.118115 
0.0725318 
0.0148305 
-0.018765 
0.0815384 
-0.116839 
-0.120839 
0.0790454 
0.0994398 

<31>
0.964833 
0.0388893 
0.0434921 
0.0522783 
0.0209574 
0.0267998 
0.100535 
0.0147657 
-0.058096 
-0.0483934 
-0.0145963 
0.00397123 
-0.0375522 
-0.0851754 
0.0946924 
0.0667987 
0.00850081 
-0.00589507 
-0.0349449 
0.0963826 
-0.0760922 
-0.000492114 
0.0988564 
-0.0462465 
-0.0209253 
-0.0681326 
0.129334 
-0.00925377 
-0.0962972 
0.0468109 
-0.046095 
0.036064 
0.056841 
0.0129242 
-0.00963602 
-0.00755298 
-0.168362 
-0.0685655 
0.0176809 
-0.0562559 
0.121975 
0.0274264 
0.11073 
-0.0410075 
-0.0536307 
0.00924998 
0.0942392 
-0.0910356 
-0.0472973 
0.0091303 

<32>
0.979602 
0.0387837 
0.0517675 
-0.0222201 
0.0837539 
0.0185392 
-0.022968 
-0.00393589 
0.0181233 
-0.0296668 
-0.0273894 
0.0944806 
-0.0844257 
0.0107747 
0.0203135 
-0.0294127 
0.0836428 
-0.0439424 
-0.00359986 
0.0341802 
-0.0393273 
-0.00473455 
0.0453513 
-0.0373648 
-0.0875297 
0.0418452 
0.0486298 
0.0627523 
-0.0352591 
0.102931 
0.0185823 
-0.0726759 
-0.00337512 
-0.000740337 
-0.0430729 
-0.00592004 
0.0214861 
0.0317231 
0.0115588 
-0.00649146 
0.0461791 
-0.0416009 
0.0356569 
0.0756506 
-0.104639 
-0.0108883 
0.013804 
-0.106452 
-0.0170902 
-0.0662105 

<33>
0.897121 
-0.0932157 
-0.0594731 
0.0251779 
0.0195976 
0.0225926 
-0.017391 
0.0503462 
0.0759352 
0.105784 
0.0702892 
0.00929846 
-0.00301687 
-0.0965098 
0.0989235 
-0.0537573 
-0.0961013 
0.0750111 
0.0853826 
0.0898714 
-0.0596746 
-0.035062 
0.0344899 
0.0455103 
-0.0241422 
-0.0440019 
0.051975 
-0.015315 
-0.0955696 
-0.11797 
-0.0485079 
-0.0456395 
0.0231714 
0.0157992 
0.000120286 
0.0824261 
0.0789899 
0.0269396 
-0.0921085 
0.0095817 
-0.145485 
0.119833 
-0.12167 
0.0196958 
0.0384024 
-0.05356 
0.0779488 
0.0771386 
-0.0481396 
-0.0226322 

<34>
1.05353 
0.100677 
0.0100435 
0.0153605 
-0.0532709 
0.0958546 
0.141831 
0.0388241 
-0.00300358 
0.0672455 
0.0641857 
0.00210263 
-0.0156228 
0.0338412 
-0.00877437 
0.0138614 
0.106474 
-0.119266 
0.0484321 
-0.0970281 
0.0636807 
-0.024118 
0.0201958 
0.0747545 
-0.147638 
0.0169814 
0.0183295 
-0.00320029 
-0.126236 
0.0629069 
-0.000192776 
0.0645833 
0.0671383 
-0.09122 
-0.0336543 
-8.07473e-05 
-0.0707817 
-0.032253 
-0.00144928 
-0.00835687 
-0.16098 
0.00634534 
-0.0408947 
-0.0545029 
0.0180324 
0.0631245 
0.00237585 
-0.0602819 
0.0559294 
-0.0331762 

<35>
0.982222 
-0.0380692 
-0.0533922 
-0.0821642 
-0.0183609 
0.165658 
0.029298 
-0.129601 
-0.0473432 
-0.0140117 
0.0223162 
0.0406255 
0.0659928 
0.0668606 
0.053078 
0.0108286 
-0.108523 
-0.00508163 
-0.101693 
0.0501272 
-0.0428377 
-0.04014 
0.0213551 
0.076774 
-0.00785863 
-0.114191 
-0.0187672 
-0.0251585 
0.0511402 
0.0271913 
0.0836457 
0.0722308 
-0.0743591 
0.000770513 
0.0294919 
-0.0562889 
0.0795248 
-0.0670714 
0.100512 
0.00576182 
0.0424007 
0.0440457 
0.0104338 
-0.0292054 
-0.103319 
-0.0097002 
0.153848 
-0.0772941 
0.0308524 
0.0108397 

<36>
0.924379 
0.0714554 
0.01279 
-0.0586552 
0.101863 
-0.127155 
0.0631155 
-0.0636031 
-0.039068 
-0.0772487 
0.0735242 
-0.064335 
0.106032 
-0.0159809 
0.0753987 
-0.0110873 
-0.0804857 
-0.0356243 
0.0941306 
0.0308406 
-0.0680484 
-0.0600112 
0.0418874 
-0.0132569 
-0.0691146 
-0.0962841 
0.122097 
-0.0597036 
-0.0410838 
-0.00570669 
-0.0347085 
-0.00458171 
-0.0112886 
-0.0840106 
0.0547525 
0.0999983 
-0.0309812 
0.0816128 
0.0891372 
0.0276537 
0.0301513 
0.0883147 
-0.0710447 
-0.0240108 
0.00181228 
-0.146472 
0.0725299 
-0.00270324 
-0.000539272 
0.0324271 

<37>
0.976474 
-0.0702876 
-0.0117732 
0.0418974 
0.090486 
0.046023 
-0.0234101 
-0.0751453 
-0.0352261 
-0.0514367 
0.0335861 
-0.0037304 
0.0673589 
0.029625 
-0.0168543 
0.00904105 
-0.0284179 
0.0112623 
-0.00712533 
-0.0556878 
0.0620972 
-0.0849338 
0.035552 
-0.0143655 
0.0165402 
0.00976726 
-0.115125 
0.0328566 
-0.0184594 
-0.00698885 
0.115898 
-0.00242852 
-0.0532864 
-0.041455 
-0.0116527 
0.170296 
0.0423367 
0.0821874 
0.078496 
-0.109993 
-0.0548599 
0.0388109 
0.0175959 
-0.0910051 
0.0899356 
-0.0376264 
0.0136678 
0.069446 
-0.0413122 
-0.0690358 

<38>
1.03642 
0.0598589 
-0.0229166 
0.0344267 
0.0359513 
-0.0797208 
0.132825 
0.0204233 
0.0698855 
-0.133478 
0.0691285 
-0.0933374 
-0.0375659 
-0.0342715 
0.0413061 
0.0687366 
-0.0714963 
0.0604946 
0.0511221 
-0.0126839 
-0.0585821 
0.0784387 
-0.0936381 
0.077429 
-0.0110905 
0.00890362 
-0.0747248 
0.0267164 
0.0264491 
-0.0598878 
0.138985 
0.0142651 
-0.0523693 
0.029481 
-0.0678771 
0.00318267 
0.0979489 
-0.0213295 
-0.0372933 
-0.0831146 
-0.034083 
0.0951555 
0.0184052 
0.0439358 
-0.106085 
-0.0624669 
-0.121853 
-0.0596207 
0.119991 
-0.0401831 

<39>
0.914209 
-0.16179 
0.019345 
-0.0519309 
0.0215799 
-0.0375497 
0.0437732 
0.0482305 
0.0640137 
0.0532459 
-0.0301234 
-0.0182561 
-0.108869 
-0.0101474 
0.0857915 
-0.0387628 
0.0471488 
-0.0111429 
-0.0109012 
0.084508 
0.0540872 
-0.121545 
0.0773553 
-0.0202193 
0.054395 
0.0381147 
0.0199746 
0.0175394 
-0.0995498 
0.0369379 
-0.0801383 
-0.0077897 
-0.0169438 
0.150468 
-0.0485424 
0.0787936 
0.0992317 
0.00408357 
-0.0337657 
-0.0509697 
-0.0186218 
0.00783233 
0.0755896 
0.0467007 
-0.0487875 
0.0505782 
-0.0274597 
-0.0625775 
-0.109261 
0.105294 

<40>
0.894068 
-0.02995 
0.0846269 
0.0186457 
-0.0795797 
-0.091078 
-0.0993478 
0.0354156 
-0.0836907 
-0.0245469 
0.0601956 
0.111085 
0.0344725 
0.00985683 
-0.0997312 
0.0691418 
0.127521 
-0.0520387 
0.0697997 
0.0198271 
0.0668961 
0.0920743 
0.104773 
-0.0267327 
0.00437338 
-0.0598318 
0.0135837 
-0.0369396 
0.0304042 
-0.0486776 
-0.0714719 
0.0807695 
0.0693661 
-0.103716 
0.0698644 
-0.00151866 
0.0861672 
0.0669773 
-0.019558 
-0.109664 
0.0360395 
0.0519402 
0.0476567 
0.0173217 
0.0056061 
-0.100434 
0.01987 
0.0643556 
-0.00612875 
-0.110937 

<41>
0.995708 
0.00429424 
0.052017 
-0.0124719 
-0.00802281 
-0.0313532 
-0.104594 
0.047078 
-0.108907 
0.0900849 
-0.0490936 
0.0010327 
0.00467352 
0.0892078 
0.0747598 
0.0423963 
0.012835 
-0.077563 
0.101132 
-0.0365686 
-0.116562 
0.0817043 
0.0293101 
0.122419 
-0.159464 
-0.0431536 
0.0385387 
-0.000218345 
-0.0436946 
0.0135671 
-0.0213407 
0.0644379 
0.0992259 
-0.0885842 
-0.0299298 
0.0153284 
0.0264302 
-0.0534499 
-0.0619651 
-0.0268737 
0.0161915 
-0.00563531 
-0.0157433 
-0.0645483 
0.0988335 
-0.0471181 
0.140862 
0.0181156 
-0.0608884 
0.06561 

<42>
1.10871 
0.0167926 
0.0170167 
-0.0898921 
0.163179 
0.0560004 
0.0279911 
0.0321344 
-0.0158754 
-0.0574212 
-0.0421979 
0.0418391 
0.00315885 
-0.0485899 
-0.00233047 
-0.0427469 
0.0164343 
0.042621 
-0.0301185 
0.0538962 
-0.0712353 
0.085886 
0.120967 
0.0901081 
0.0283592 
-0.0454321 
0.105312 
0.0379803 
-0.1082 
0.032331 
-0.117095 
-0.0823583 
0.146472 
-0.162782 
-0.145802 
-0.0364029 
0.084079 
-0.0183757 
0.0519758 
-0.194353 
0.0887738 
0.047199 
0.0691252 
0.14067 
-0.0311129 
-0.0168562 
-0.11707 
-0.114036 
0.0758975 
-0.0649105 

<43>
0.999927 
0.149445 
-0.0200001 
0.0664237 
0.0753989 
-0.0653728 
-0.0126445 
-0.0732808 
0.0870511 
0.0942907 
-0.0109701 
-0.0420487 
0.0153741 
0.144398 
-0.0679385 
-0.0902383 
-0.102653 
-0.0384458 
-0.101418 
-0.015692 
-0.118451 
-0.0453386 
0.0399273 
0.0182295 
0.0417743 
-0.0386927 
-0.0767972 
-0.0142273 
-0.0152428 
0.0426133 
-0.0148608 
-0.0277575 
0.00983718 
0.0278067 
0.131745 
-0.0955929 
0.0394448 
-0.0155848 
0.0538601 
-0.166258 
-0.0161759 
0.0103994 
0.0872884 
-0.00392102 
0.0612773 
-0.0876027 
0.0435476 
0.105658 
0.0154681 
-0.0183947 

<44>
0.950201 
0.0614395 
0.109848 
0.113982 
-0.037015 
-0.0497402 
-0.0119149 
-0.0882182 
-0.0328686 
0.0723249 
-0.109356 
-0.00818608 
0.0488676 
-0.0581755 
-0.0407031 
0.0124898 
0.00146495 
0.0588024 
-0.0816567 
0.0440774 
-0.0615623 
-0.0274185 
0.0506218 
-0.101168 
-0.00617252 
0.0109992 
0.0688276 
-0.0838722 
-0.0880009 
0.00631941 
-0.0586354 
0.0542853 
-0.000181776 
0.0312514 
-0.00513987 
-0.0580403 
0.0975304 
-0.0313269 
-0.0770094 
0.0573928 
-0.0439537 
0.0813631 
0.054251 
0.0937987 
0.016185 
0.029601 
0.00666949 
0.0134334 
-0.0761774 
-0.0293526 

<45>
0.911208 
-0.0805192 
0.0371132 
0.0653345 
0.0848378 
0.0515088 
-0.0782143 
0.0350018 
-0.0665966 
0.0811137 
0.021023 
0.0819811 
-0.000133532 
0.0104102 
-0.0788268 
-0.0155257 
-0.0240958 
-0.0852173 
-0.167329 
-0.0281685 
-0.0982895 
0.0983409 
-0.0147481 
0.0931506 
-0.0545141 
-0.0634669 
-0.022058 
0.044775 
-0.0392989 
0.110445 
-0.0611484 
0.0461061 
0.0646045 
-0.0194376 
0.0646383 
0.0203803 
-0.011209 
0.0170551 
0.0680899 
0.114325 
-0.054128 
-0.00755955 
-0.049048 
0.0973691 
0.109096 
-0.0160007 
-0.0390805 
-0.125895 
0.0820723 
-0.0616938 

<46>
0.968453 
0.0594185 
-0.0252661 
-0.00602661 
-0.0245081 
-0.0650051 
-0.0981416 
0.0376545 
-0.00824633 
0.130978 
-0.0914989 
0.0455206 
0.148541 
0.0770226 
0.121914 
-0.0220812 
0.0235785 
-0.0900788 
-0.00642295 
0.0355842 
-0.0502532 
0.019882 
-0.029048 
-0.0250913 
0.000381032 
-0.112331 
0.0105679 
0.0363801 
-0.0460923 
-0.0327024 
0.0493674 
-0.102557 
0.00764487 
0.0203392 
0.0115438 
0.11923 
-0.107936 
0.0675638 
0.0118246 
0.0435154 
-0.0480692 
0.00870945 
-0.0187282 
0.0471216 
0.00047877 
0.133401 
-0.0148759 
-0.0354885 
-0.0294588 
-0.147376 

<47>
0.941518 
0.101802 
0.110039 
0.0470018 
-0.0913137 
-0.0673785 
-0.0332199 
0.0570394 
0.0847029 
0.000922019 
0.0230995 
0.0354294 
-0.0576744 
-0.148445 
-0.0349089 
-0.0337772 
0.0227079 
0.0963154 
0.0871641 
0.0946763 
-0.142131 
0.0206733 
0.0220279 
-0.0938079 
-0.00711335 
0.0171704 
-0.0840815 
-0.0644516 
0.0886641 
0.0477617 
-0.0261379 
-0.0998421 
-0.114879 
0.117363 
-0.0584298 
-0.1163 
-0.126563 
0.099332 
-0.00056876 
0.0748655 
0.0467125 
-0.00462898 
-0.03684 
0.0165672 
0.0915419 
0.0371527 
0.0397979 
0.0332893 
-0.0301239 
0.0388695 

<48>
0.894609 
-0.093498 
0.000128683 
-0.0606202 
-0.0603665 
-0.0282848 
0.094196 
0.0780815 
0.0687446 
0.122249 
0.00138431 
0.040532 
0.0931692 
0.0463216 
0.059811 
0.046151 
0.0846909 
0.101719 
-0.00687014 
0.0619726 
-0.00964845 
-0.131891 
0.0836975 
-0.100368 
-0.0191912 
-0.0584812 
0.0100683 
0.0274087 
0.0322783 
0.0368279 
-0.000999845 
0.108682 
-0.035458 
-0.0476429 
0.0203453 
-0.0607458 
-0.0545023 
-0.106193 
0.0282356 
-0.049749 
0.0208664 
-0.0581311 
0.0412334 
-0.0522707 
-0.112656 
0.032856 
-0.0770732 
0.0619978 
-0.0724331 
0.090306 

<49>
0.97104 
-0.0340268 
0.115227 
0.0138596 
-0.0106244 
0.0431829 
-0.0207605 
0.0699837 
0.102377 
-0.0589068 
0.0156925 
0.0618212 
-0.0148061 
0.0496189 
0.0698354 
-0.0933675 
0.0391772 
0.00493482 
0.0249532 
-0.0260679 
-0.107779 
0.128798 
-0.0914782 
-0.0727623 
-0.112191 
0.0868623 
0.0440812 
-0.0549324 
0.03613 
-0.140927 
-0.0395118 
-0.035671 
0.06657 
0.0909097 
0.0229147 
-0.0895022 
0.00432096 
0.131656 
-0.0582524 
0.052861 
-0.0104688 
0.0281033 
0.0330639 
-0.0569128 
0.0114892 
-0.0116473 
-0.0652452 
-0.0887547 
0.0849557 
0.0557343 

<50>
0.977171 
0.0464304 
0.0139199 
0.0293248 
0.0853642 
0.120184 
0.0177713 
-0.00164975 
-0.0679144 
-0.0478307 
0.071221 
-0.0706424 
0.0844994 
-0.144235 
-0.10646 
-0.0654885 
0.10167 
-0.123448 
-0.0354527 
0.0160118 
0.111321 
0.031646 
0.0290511 
-0.0533849 
-0.138534 
0.0687705 
0.0137711 
-0.0104784 
-0.0428203 
-0.0352959 
0.0224805 
0.0803921 
0.0134423 
0.0419806 
-0.00640609 
0.0181033 
-0.0495713 
-0.0648574 
-0.0738464 
0.0425113 
0.0321992 
-0.0441883 
0.11046 
0.134419 
0.0375147 
0.00738986 
-0.0472359 
0.0449975 
0.0563096 
-0.0777535 

