10 x 1
<1>
225 
19 
1 
18 
5 
4 
13 
12 
15
26 

<2>
227 
18 
30 
27 
22 
16 
17 
1 
25 
13 

<3>
229 
11 
29 
6 
3 
6 
3 
24 
28 
16 

<4>
223 
24 
4 
24 
3 
8 
28 
15 
19 
12 

<5>
201 
9 
21 
1 
27 
12 
9 
14 
13 
3 

<6>
225 
4 
6 
24 
9 
30 
21 
3 
23 
19 

<7>
217 
16 
4 
21 
2 
6 
21 
29 
13 
1 

<8>
201 
14 
9 
22 
7 
28 
26 
15 
11 
30 

<9>
208 
6 
3 
6 
21 
3 
5 
11 
5 
19 

<10>
220 
23 
27 
16 
5 
28 
22 
17 
26 
26 

<11>
217 
19 
9 
18 
10 
15 
15 
27 
21 
25 

<12>
225 
30 
22 
28 
5 
4 
22 
2 
7 
27 

<13>
219 
27 
11 
16 
13 
7 
13 
26 
24 
30 

<14>
220 
3 
18 
21 
12 
20 
28 
27 
16 
18 

<15>
212 
12 
17 
27 
1 
14 
30 
15 
15 
6 

<16>
210 
4 
25 
13 
12 
29 
11 
24 
24 
26 

<17>
223 
6 
28 
3 
18 
10 
22 
15 
28 
8 

<18>
224 
2 
11 
3 
20 
3 
16 
12 
17 
22 

<19>
216 
19 
18 
3 
23 
29 
1 
4 
22 
16 

<20>
228 
7 
13 
27 
10 
1 
28 
23 
7 
17 

<21>
221 
1 
10 
2 
4 
30 
27 
11 
11 
13 

<22>
202 
19 
2 
20 
14 
16 
18 
14 
19 
1 

<23>
229 
18 
30 
4 
6 
1 
4 
25 
23 
3 

<24>
202 
15 
3 
12 
8 
28 
3 
4 
9 
5 

<25>
208 
3 
16 
2 
22 
29 
17 
1 
4 
6 

<26>
222 
25 
15 
14 
29 
20 
14 
24 
6 
29 

<27>
225 
8 
5 
21 
11 
4 
10 
6 
30 
18 

<28>
201 
8 
20 
17 
9 
3 
7 
25 
25 
11 

<29>
221 
18 
27 
6 
23 
25 
17 
29 
19 
14 

<30>
218 
6 
13 
23 
26 
16 
18 
6 
21 
17 

<31>
214 
22 
16 
27 
1 
24 
21 
29 
11 
16 

<32>
200 
24 
25 
28 
30 
17 
22 
8 
7 
2 

<33>
221 
25 
8 
26 
9 
25 
11 
27 
22 
1 

<34>
204 
29 
15 
21 
25 
7 
6 
15 
5 
8 

<35>
221 
6 
2 
16 
25 
23 
25 
16 
30 
1 

<36>
209 
13 
26 
17 
9 
4 
3 
19 
22 
17 

<37>
211 
27 
15 
18 
9 
9 
24 
14 
15 
20 

<38>
221 
7 
17 
15 
14 
11 
7 
8 
19 
6 

<39>
208 
28 
11 
26 
6 
19 
29 
30 
29 
21 

<40>
215 
2 
9 
30 
19 
17 
30 
4 
22 
7 

<41>
215 
13 
13 
2 
27 
26 
5 
25 
26 
23 

<42>
200 
4 
12 
11 
29 
9 
21 
19 
8 
11 

<43>
200 
24 
13 
9 
15 
1 
17 
7 
27 
9 

<44>
212 
12 
21 
25 
5 
10 
12 
9 
4 
7 

<45>
222 
26 
2 
4 
28 
22 
4 
10 
3 
12 

<46>
220 
3 
27 
3 
12 
3 
25 
20 
9 
21 

<47>
227 
21 
24 
11 
7 
29 
12 
11 
29 
7 

<48>
208 
22 
3 
3 
17 
22 
24 
21 
2 
26 

<49>
223 
14 
21 
12 
8 
24 
14 
2 
13 
23 

<50>
214 
11 
5 
8 
21 
4 
28 
2 
14 
27 

<51>
207 
22 
10 
2 
24 
18 
16 
10 
30 
17 

<52>
226 
23 
22 
17 
4 
29 
2 
18 
30 
15 

<53>
201 
6 
25 
6 
6 
7 
9 
3 
30 
14 

<54>
220 
29 
6 
22 
1 
21 
10 
16 
22 
9 

<55>
223 
19 
2 
15 
27 
27 
5 
29 
6 
26 

<56>
204 
7 
2 
21 
5 
7 
27 
13 
1 
26 

<57>
218 
14 
16 
24 
5 
16 
6 
6 
23 
28 

<58>
214 
8 
8 
8 
14 
26 
26 
18 
24 
2 

<59>
213 
28 
8 
15 
18 
12 
13 
6 
17 
13 

<60>
222 
5 
18 
9 
20 
23 
24 
17 
28 
9 

<61>
205 
4 
16 
13 
3 
30 
9 
29 
17 
24 

<62>
229 
30 
22 
29 
6 
1 
11 
18 
7 
19 

<63>
222 
21 
15 
10 
29 
4 
2 
15 
20 
22 

<64>
222 
26 
17 
30 
30 
20 
29 
30 
18 
8 

<65>
223 
9 
29 
7 
7 
5 
7 
9 
22 
5 

<66>
218 
6 
26 
3 
16 
16 
28 
9 
30 
10 

<67>
229 
14 
27 
9 
14 
26 
28 
4 
26 
7 

<68>
210 
19 
15 
10 
17 
13 
6 
23 
14 
19 

<69>
219 
2 
25 
15 
5 
10 
30 
2 
18 
22 

<70>
202 
10 
5 
29 
18 
10 
25 
7 
14 
12 

<71>
212 
16 
22 
19 
17 
8 
1 
22 
22 
14 

<72>
202 
11 
8 
27 
17 
12 
28 
9 
5 
7 

<73>
229 
8 
16 
26 
6 
25 
6 
22 
23 
11 

<74>
224 
5 
18 
16 
15 
5 
15 
16 
18 
7 

<75>
220 
20 
17 
28 
8 
26 
1 
5 
4 
28 

<76>
211 
25 
27 
19 
20 
2 
6 
17 
16 
28 

<77>
218 
10 
25 
7 
18 
9 
3 
2 
16 
12 

<78>
229 
29 
24 
9 
18 
1 
4 
19 
28 
7 

<79>
207 
9 
1 
4 
19 
12 
27 
24 
29 
12 

<80>
213 
9 
14 
8 
15 
1 
16 
9 
24 
2 

<81>
212 
24 
22 
6 
2 
9 
6 
5 
27 
25 

<82>
202 
26 
3 
25 
29 
14 
6 
26 
7 
26 

<83>
228 
12 
5 
4 
19 
11 
26 
27 
20 
20 

<84>
227 
2 
5 
19 
29 
28 
19 
26 
24 
8 

<85>
220 
26 
3 
23 
20 
2 
28 
17 
19 
27 

<86>
212 
9 
8 
17 
5 
27 
27 
30 
23 
8 

<87>
210 
12 
9 
7 
22 
29 
4 
10 
25 
27 

<88>
216 
15 
22 
20 
29 
3 
13 
27 
20 
23 

<89>
222 
2 
23 
30 
10 
27 
18 
6 
19 
2 

<90>
213 
29 
5 
14 
28 
26 
13 
1 
28 
7 

<91>
227 
14 
13 
11 
25 
11 
6 
29 
29 
17 

<92>
212 
21 
10 
6 
13 
19 
24 
22 
24 
12 

<93>
223 
29 
3 
28 
13 
30 
16 
17 
22 
13 

<94>
214 
19 
18 
27 
22 
5 
29 
27 
3 
28 

<95>
204 
16 
10 
14 
13 
22 
2 
28 
6 
17 

<96>
209 
21 
16 
4 
18 
20 
25 
25 
28 
16 

<97>
206 
12 
27 
17 
30 
18 
21 
28 
6 
23 

<98>
224 
10 
30 
5 
23 
4 
18 
16 
2 
23 

<99>
201 
3 
13 
9 
6 
23 
20 
30 
9 
9 

<100>
214 
8 
20 
11 
24 
11 
20 
14 
9 
17 

<101>
227 
3 
26 
20 
29 
10 
23 
9 
25 
16 

<102>
200 
19 
18 
6 
19 
23 
20 
1 
14 
28 

<103>
208 
21 
27 
21 
23 
20 
1 
13 
25 
1 

<104>
228 
23 
4 
17 
4 
24 
18 
26 
2 
5 

<105>
211 
25 
23 
21 
22 
3 
14 
11 
3 
19 

<106>
229 
4 
9 
27 
24 
2 
8 
16 
6 
3 

<107>
216 
4 
17 
12 
12 
20 
5 
30 
15 
29 

<108>
203 
18 
23 
18 
9 
14 
12 
14 
16 
15 

<109>
201 
7 
10 
3 
25 
3 
4 
3 
10 
9 

<110>
226 
26 
4 
13 
7 
16 
2 
4 
7 
8 

<111>
223 
10 
18 
16 
19 
18 
21 
30 
23 
28 

<112>
205 
16 
4 
15 
18 
21 
9 
13 
23 
19 

<113>
220 
19 
14 
17 
23 
13 
2 
16 
8 
30 

<114>
222 
1 
9 
2 
16 
19 
19 
28 
18 
11 

<115>
216 
16 
27 
20 
30 
6 
10 
9 
19 
24 

<116>
226 
1 
4 
2 
17 
18 
14 
10 
3 
21 

<117>
208 
18 
21 
9 
19 
28 
27 
30 
17 
7 

<118>
201 
3 
22 
20 
23 
21 
26 
24 
29 
14 

<119>
209 
17 
14 
5 
19 
23 
23 
2 
2 
25 

<120>
214 
11 
12 
5 
19 
23 
25 
8 
22 
11 

<121>
213 
15 
14 
27 
5 
28 
17 
30 
13 
8 

<122>
204 
14 
16 
10 
19 
4 
24 
11 
28 
26 

<123>
226 
12 
28 
9 
8 
16 
1 
24 
15 
14 

<124>
204 
20 
28 
10 
16 
24 
29 
3 
15 
3 

<125>
201 
11 
17 
17 
21 
5 
13 
6 
7 
10 

<126>
200 
3 
13 
28 
3 
20 
6 
3 
6 
20 

<127>
207 
10 
10 
28 
11 
25 
21 
9 
19 
6 

<128>
210 
12 
16 
19 
29 
28 
15 
11 
4 
21 

<129>
211 
4 
24 
24 
24 
26 
5 
29 
21 
10 

<130>
209 
20 
11 
11 
17 
21 
6 
30 
21 
16 

<131>
204 
24 
28 
12 
12 
18 
10 
27 
28 
5 

<132>
208 
9 
30 
2 
24 
23 
20 
28 
13 
2 

<133>
207 
23 
21 
18 
3 
30 
1 
30 
29 
21 

<134>
207 
25 
14 
5 
6 
18 
22 
15 
6 
11 

<135>
210 
14 
11 
11 
8 
4 
3 
27 
1 
16 

<136>
219 
30 
30 
10 
10 
24 
1 
10 
24 
29 

<137>
229 
23 
23 
6 
27 
29 
23 
10 
5 
20 

<138>
219 
16 
3 
30 
26 
10 
3 
20 
28 
25 

<139>
226 
17 
17 
26 
19 
26 
20 
19 
5 
5 

<140>
217 
26 
27 
2 
1 
15 
22 
15 
24 
19 

<141>
203 
13 
4 
29 
4 
21 
8 
6 
2 
6 

<142>
221 
29 
14 
8 
16 
2 
3 
5 
21 
29 

<143>
200 
8 
25 
19 
1 
17 
25 
23 
24 
18 

<144>
210 
19 
22 
6 
17 
25 
18 
17 
22 
19 

<145>
221 
6 
17 
5 
13 
25 
7 
8 
21 
19 

<146>
227 
22 
26 
14 
2 
18 
23 
27 
10 
16 

<147>
205 
12 
26 
28 
17 
13 
14 
26 
29 
28 

<148>
214 
12 
3 
23 
8 
7 
17 
6 
14 
8 

<149>
223 
4 
21 
11 
17 
14 
29 
9 
2 
30 

<150>
215 
8 
12 
12 
27 
20 
16 
2 
16 
6 

<151>
228 
30 
9 
1 
14 
8 
8 
23 
14 
13 

<152>
229 
29 
8 
12 
10 
25 
25 
30 
25 
27 

<153>
228 
11 
26 
2 
14 
14 
22 
21 
15 
7 

<154>
217 
14 
28 
26 
6 
11 
3 
5 
25 
8 

<155>
209 
16 
7 
17 
27 
8 
3 
14 
29 
28 

<156>
201 
27 
30 
19 
21 
5 
2 
12 
25 
8 

<157>
217 
12 
21 
7 
29 
19 
9 
1 
15 
4 

<158>
200 
24 
19 
29 
3 
8 
6 
5 
21 
4 

<159>
223 
22 
22 
23 
10 
12 
19 
3 
15 
13 

<160>
209 
24 
24 
23 
30 
14 
11 
9 
15 
17 

<161>
203 
7 
3 
22 
5 
5 
29 
10 
1 
11 

<162>
204 
17 
2 
18 
1 
3 
30 
20 
5 
14 

<163>
201 
7 
8 
18 
29 
29 
1 
1 
7 
7 

<164>
216 
2 
13 
19 
24 
9 
15 
14 
10 
8 

<165>
224 
14 
24 
18 
2 
16 
13 
23 
5 
17 

<166>
227 
29 
23 
5 
16 
13 
26 
8 
13 
2 

<167>
206 
22 
26 
11 
10 
19 
20 
17 
24 
29 

<168>
215 
18 
5 
1 
28 
28 
16 
10 
20 
21 

<169>
217 
17 
19 
3 
14 
26 
15 
9 
25 
20 

<170>
201 
23 
11 
27 
4 
12 
7 
15 
28 
1 

<171>
204 
5 
10 
9 
5 
7 
6 
21 
8 
25 

<172>
202 
26 
4 
21 
20 
9 
8 
4 
17 
24 

<173>
222 
18 
17 
25 
7 
12 
7 
13 
26 
26 

<174>
204 
30 
1 
15 
1 
5 
13 
6 
17 
13 

<175>
222 
19 
8 
18 
1 
19 
26 
8 
22 
12 

<176>
223 
7 
21 
2 
1 
19 
13 
7 
2 
30 

<177>
224 
6 
21 
25 
12 
21 
21 
17 
19 
8 

<178>
228 
3 
26 
28 
20 
27 
16 
7 
26 
29 

<179>
209 
19 
27 
22 
12 
28 
11 
24 
26 
4 

<180>
214 
20 
1 
6 
6 
5 
18 
27 
21 
28 

<181>
203 
11 
22 
21 
30 
3 
17 
15 
9 
5 

<182>
204 
18 
15 
2 
2 
27 
21 
12 
12 
16 

<183>
206 
27 
28 
7 
24 
3 
11 
3 
29 
1 

<184>
200 
24 
3 
22 
15 
2 
25 
1 
8 
25 

<185>
204 
13 
5 
12 
6 
6 
8 
26 
9 
19 

<186>
202 
15 
7 
30 
21 
22 
3 
24 
25 
23 

<187>
223 
17 
17 
19 
30 
1 
20 
16 
1 
28 

<188>
210 
28 
2 
15 
9 
29 
12 
8 
24 
12 

<189>
217 
18 
26 
25 
18 
8 
16 
20 
1 
2 

<190>
203 
17 
18 
20 
5 
18 
20 
24 
3 
13 

<191>
212 
5 
10 
6 
11 
10 
4 
22 
9 
19 

<192>
202 
26 
7 
20 
12 
16 
28 
20 
27 
20 

<193>
220 
30 
6 
9 
20 
2 
18 
9 
18 
20 

<194>
220 
22 
25 
22 
28 
5 
23 
23 
19 
1 

<195>
203 
13 
19 
10 
25 
30 
17 
22 
19 
13 

<196>
202 
10 
12 
1 
10 
1 
2 
27 
2 
19 

<197>
207 
22 
11 
2 
6 
30 
29 
20 
22 
9 

<198>
220 
25 
21 
1 
26 
15 
30 
12 
28 
11 

<199>
215 
1 
12 
28 
1 
21 
20 
24 
9 
21 

<200>
212 
16 
5 
15 
10 
2 
14 
8 
21 
5 

<201>
215 
11 
22 
28 
3 
9 
13 
3 
13 
2 

<202>
204 
28 
2 
8 
25 
24 
28 
15 
18 
28 

<203>
226 
22 
13 
1 
6 
22 
2 
11 
21 
23 

<204>
214 
28 
25 
28 
26 
28 
7 
30 
22 
19 

<205>
200 
18 
16 
25 
25 
3 
18 
14 
9 
27 

<206>
210 
5 
10 
15 
28 
15 
29 
21 
25 
11 

<207>
204 
2 
9 
22 
21 
26 
11 
19 
25 
24 

<208>
228 
25 
11 
15 
19 
27 
9 
29 
10 
17 

<209>
216 
12 
13 
27 
18 
2 
3 
16 
23 
20 

<210>
218 
19 
13 
27 
10 
3 
14 
20 
22 
8 

<211>
212 
12 
2 
15 
26 
13 
11 
26 
3 
12 

<212>
211 
19 
23 
17 
15 
11 
18 
18 
18 
2 

<213>
228 
28 
21 
11 
16 
30 
5 
29 
12 
18 

<214>
205 
16 
30 
30 
1 
17 
4 
3 
13 
6 

<215>
214 
16 
24 
7 
2 
9 
9 
12 
18 
19 

<216>
212 
8 
16 
3 
18 
2 
25 
14 
30 
28 

<217>
201 
28 
5 
1 
27 
5 
9 
30 
30 
21 

<218>
204 
14 
29 
20 
12 
22 
28 
21 
3 
7 

<219>
200 
8 
14 
16 
2 
23 
9 
18 
7 
1 

<220>
214 
30 
28 
20 
22 
16 
16 
30 
7 
15 

<221>
220 
3 
20 
19 
22 
2 
2 
12 
14 
5 

<222>
217 
14 
12 
24 
21 
13 
8 
30 
1 
6 

<223>
221 
7 
5 
19 
18 
26 
26 
26 
26 
2 

<224>
209 
8 
4 
22 
18 
25 
23 
19 
6 
6 

<225>
222 
16 
11 
26 
9 
1 
1 
8 
22 
23 

<226>
213 
5 
21 
18 
23 
9 
14 
10 
4 
1 

<227>
210 
5 
8 
14 
26 
25 
1 
10 
13 
6 

<228>
206 
28 
13 
17 
15 
13 
10 
15 
21 
23 

<229>
228 
4 
28 
20 
13 
12 
28 
18 
22 
23 

<230>
217 
24 
19 
25 
8 
15 
11 
30 
16 
16 

<231>
204 
23 
13 
10 
1 
27 
22 
2 
4 
12 

<232>
216 
2 
7 
6 
21 
20 
9 
10 
7 
22 

<233>
201 
17 
16 
21 
11 
15 
27 
14 
14 
12 

<234>
228 
10 
26 
11 
19 
19 
29 
11 
20 
2 

<235>
213 
6 
4 
21 
3 
16 
10 
12 
26 
8 

<236>
202 
27 
24 
18 
9 
27 
24 
5 
10 
7 

<237>
208 
30 
9 
4 
2 
27 
14 
30 
29 
4 

<238>
223 
13 
1 
27 
25 
26 
12 
26 
7 
29 

<239>
224 
9 
26 
19 
19 
4 
7 
4 
1 
16 

<240>
210 
9 
7 
11 
4 
8 
29 
18 
7 
28 

<241>
212 
30 
2 
5 
18 
26 
30 
22 
13 
28 

<242>
219 
7 
7 
7 
25 
17 
3 
23 
20 
3 

<243>
207 
22 
3 
14 
2 
6 
21 
1 
15 
20 

<244>
219 
19 
11 
21 
16 
29 
8 
15 
20 
12 

<245>
212 
1 
18 
11 
8 
5 
19 
10 
27 
30 

<246>
203 
27 
22 
6 
2 
15 
3 
15 
7 
10 

<247>
203 
26 
28 
14 
8 
13 
4 
7 
20 
15 

<248>
217 
24 
16 
28 
4 
15 
24 
14 
16 
20 

<249>
212 
19 
8 
26 
16 
10 
11 
10 
24 
9 

<250>
218 
19 
27 
9 
2 
4 
13 
28 
3 
24 

<251>
211 
12 
17 
19 
1 
12 
3 
24 
25 
18 

<252>
213 
8 
28 
21 
25 
5 
22 
5 
15 
15 

<253>
213 
25 
3 
10 
3 
27 
5 
8 
24 
29 

<254>
200 
27 
11 
10 
16 
11 
21 
18 
5 
8 

<255>
227 
10 
7 
25 
22 
1 
22 
14 
28 
6 

<256>
219 
3 
30 
23 
12 
25 
11 
8 
2 
26 

<257>
228 
24 
22 
9 
25 
7 
11 
16 
17 
7 

<258>
214 
14 
8 
21 
30 
30 
13 
21 
5 
10 

<259>
217 
24 
12 
18 
8 
15 
4 
18 
15 
27 

<260>
212 
13 
20 
27 
13 
7 
25 
15 
22 
11 

<261>
213 
28 
16 
21 
10 
16 
12 
22 
28 
16 

<262>
223 
16 
2 
5 
25 
9 
12 
28 
19 
26 

<263>
223 
23 
30 
5 
19 
12 
11 
14 
26 
24 

<264>
215 
1 
13 
2 
22 
22 
9 
25 
6 
28 

<265>
202 
29 
5 
4 
25 
29 
4 
6 
18 
22 

<266>
222 
3 
7 
22 
30 
25 
25 
2 
30 
13 

<267>
225 
8 
13 
30 
9 
4 
22 
17 
21 
27 

<268>
205 
23 
17 
11 
26 
11 
9 
29 
17 
19 

<269>
212 
1 
21 
19 
23 
12 
5 
9 
14 
27 

<270>
220 
1 
4 
4 
30 
4 
29 
13 
12 
19 

<271>
208 
17 
11 
17 
27 
28 
28 
28 
19 
6 

<272>
215 
23 
6 
28 
11 
20 
10 
7 
29 
23 

<273>
224 
19 
23 
28 
14 
14 
23 
13 
27 
4 

<274>
222 
27 
21 
26 
14 
9 
23 
11 
6 
3 

<275>
207 
21 
25 
13 
19 
5 
3 
20 
4 
1 

<276>
211 
28 
11 
26 
18 
25 
1 
10 
29 
27 

<277>
213 
13 
24 
26 
8 
29 
4 
23 
1 
10 

<278>
224 
8 
22 
20 
20 
2 
16 
22 
21 
19 

<279>
213 
24 
9 
25 
11 
26 
11 
12 
27 
9 

<280>
207 
10 
13 
23 
27 
21 
13 
1 
13 
13 

<281>
201 
7 
20 
23 
26 
2 
25 
4 
15 
15 

<282>
221 
29 
1 
22 
15 
11 
17 
17 
22 
6 

<283>
216 
22 
15 
29 
6 
4 
19 
19 
4 
23 

<284>
222 
5 
30 
5 
19 
17 
6 
13 
20 
20 

<285>
219 
4 
10 
20 
17 
16 
22 
26 
2 
14 

<286>
200 
18 
27 
7 
9 
24 
10 
27 
4 
5 

<287>
219 
27 
9 
11 
1 
20 
19 
28 
2 
1 

<288>
208 
13 
26 
11 
2 
12 
26 
24 
7 
20 

<289>
228 
7 
29 
17 
14 
7 
2 
15 
26 
6 

<290>
219 
7 
24 
20 
17 
24 
9 
27 
13 
3 

<291>
218 
21 
15 
14 
1 
9 
18 
19 
2 
16 

<292>
207 
22 
15 
6 
30 
28 
5 
1 
12 
30 

<293>
205 
23 
6 
29 
13 
14 
14 
21 
10 
18 

<294>
222 
21 
9 
8 
26 
1 
8 
13 
19 
9 

<295>
228 
18 
22 
13 
24 
13 
2 
20 
13 
5 

<296>
218 
11 
28 
24 
1 
2 
7 
7 
22 
8 

<297>
223 
7 
28 
2 
6 
24 
25 
13 
28 
13 

<298>
212 
18 
1 
26 
22 
16 
8 
15 
5 
12 

<299>
211 
15 
14 
1 
8 
15 
2 
6 
13 
15 

<300>
204 
6 
21 
25 
30 
18 
10 
24 
30 
7 

<301>
227 
4 
17 
28 
29 
30 
5 
28 
15 
9 

<302>
209 
26 
15 
23 
26 
22 
29 
19 
19 
11 

<303>
202 
24 
9 
16 
10 
8 
3 
19 
1 
25 

<304>
216 
28 
20 
3 
18 
19 
3 
22 
8 
9 

<305>
222 
9 
4 
7 
2 
21 
21 
22 
1 
1 

<306>
224 
3 
24 
3 
10 
25 
10 
5 
13 
2 

<307>
220 
30 
21 
10 
24 
8 
20 
18 
22 
28 

<308>
225 
6 
6 
21 
4 
29 
3 
24 
13 
3 

<309>
216 
7 
28 
2 
9 
7 
27 
18 
11 
9 

<310>
210 
23 
30 
1 
3 
16 
1 
14 
3 
22 

<311>
202 
21 
19 
1 
11 
22 
29 
14 
8 
11 

<312>
207 
24 
9 
5 
25 
17 
12 
13 
26 
14 

<313>
221 
6 
7 
13 
7 
1 
28 
7 
6 
1 

<314>
219 
9 
21 
30 
9 
23 
13 
7 
28 
20 

<315>
209 
6 
5 
18 
10 
22 
27 
13 
4 
22 

<316>
226 
17 
28 
25 
30 
26 
17 
27 
24 
22 

<317>
218 
5 
30 
1 
4 
8 
16 
16 
7 
13 

<318>
227 
8 
18 
24 
17 
20 
15 
13 
2 
11 

<319>
204 
20 
27 
24 
6 
26 
19 
14 
15 
4 

<320>
205 
25 
8 
27 
26 
11 
5 
11 
18 
3 

<321>
214 
7 
2 
25 
1 
18 
14 
7 
1 
7 

<322>
216 
27 
19 
6 
20 
16 
1 
30 
30 
7 

<323>
202 
5 
2 
10 
23 
19 
12 
19 
21 
21 

<324>
220 
5 
28 
22 
29 
20 
2 
4 
26 
2 

<325>
202 
5 
20 
13 
10 
1 
28 
2 
30 
27 

<326>
208 
24 
23 
2 
25 
16 
20 
28 
4 
10 

<327>
217 
17 
14 
7 
30 
5 
18 
1 
30 
6 

<328>
201 
2 
10 
13 
14 
11 
13 
12 
4 
4 

<329>
229 
12 
27 
23 
5 
13 
30 
24 
10 
25 

<330>
202 
20 
11 
9 
18 
11 
5 
6 
11 
4 

<331>
210 
5 
6 
12 
17 
19 
14 
22 
22 
17 

<332>
224 
22 
21 
14 
6 
25 
26 
27 
19 
6 

<333>
220 
13 
25 
24 
13 
12 
4 
17 
9 
6 

<334>
220 
19 
2 
18 
22 
19 
28 
27 
2 
20 

<335>
213 
26 
3 
26 
9 
30 
20 
5 
18 
30 

<336>
201 
8 
5 
26 
23 
17 
29 
26 
26 
8 

<337>
223 
8 
18 
25 
25 
10 
5 
14 
28 
6 

<338>
224 
3 
24 
19 
28 
24 
18 
18 
28 
27 

<339>
216 
21 
27 
13 
16 
19 
30 
15 
7 
17 

<340>
221 
30 
24 
1 
16 
10 
10 
21 
23 
30 

<341>
217 
18 
2 
11 
6 
30 
5 
16 
17 
24 

<342>
211 
25 
15 
8 
8 
22 
27 
29 
28 
3 

<343>
214 
11 
24 
30 
12 
9 
9 
13 
29 
1 

<344>
211 
9 
10 
14 
11 
16 
5 
7 
1 
13 

<345>
200 
4 
29 
7 
12 
28 
20 
30 
26 
18 

<346>
201 
2 
28 
25 
1 
1 
25 
1 
14 
16 

<347>
223 
25 
24 
3 
30 
4 
18 
4 
11 
10 

<348>
215 
3 
14 
15 
1 
17 
12 
20 
16 
30 

<349>
206 
9 
23 
27 
25 
16 
27 
19 
16 
10 

<350>
203 
9 
27 
27 
12 
18 
23 
21 
14 
3 

<351>
200 
21 
27 
6 
27 
27 
22 
1 
16 
7 

<352>
229 
15 
7 
14 
11 
1 
29 
29 
19 
15 

<353>
200 
23 
15 
27 
11 
26 
6 
25 
9 
19 

<354>
226 
9 
10 
15 
6 
6 
11 
27 
6 
27 

<355>
224 
27 
11 
1 
11 
13 
1 
1 
11 
11 

<356>
214 
11 
25 
22 
29 
28 
9 
5 
22 
17 

<357>
214 
11 
17 
16 
25 
22 
14 
6 
10 
11 

<358>
223 
26 
30 
26 
18 
10 
8 
10 
2 
10 

<359>
220 
9 
21 
15 
30 
11 
12 
8 
7 
26 

<360>
216 
22 
6 
3 
29 
30 
17 
12 
5 
26 

<361>
222 
28 
14 
22 
23 
1 
23 
22 
11 
24 

<362>
201 
23 
2 
14 
7 
23 
24 
11 
1 
23 

<363>
205 
9 
6 
3 
11 
4 
2 
19 
8 
7 

<364>
206 
22 
26 
20 
13 
11 
20 
27 
2 
22 

<365>
211 
3 
14 
6 
8 
13 
28 
2 
15 
20 

<366>
223 
12 
28 
21 
14 
1 
24 
15 
19 
1 

<367>
212 
25 
22 
9 
6 
26 
19 
26 
14 
12 

<368>
208 
18 
15 
23 
23 
22 
27 
12 
15 
11 

<369>
223 
30 
14 
13 
20 
27 
5 
6 
3 
24 

<370>
205 
16 
10 
20 
16 
16 
15 
26 
3 
21 

<371>
206 
11 
8 
13 
25 
22 
27 
21 
25 
3 

<372>
222 
18 
3 
6 
23 
14 
24 
27 
19 
27 

<373>
211 
17 
12 
22 
6 
19 
29 
12 
14 
23 

<374>
201 
20 
3 
1 
3 
20 
22 
21 
10 
17 

<375>
222 
25 
26 
17 
30 
18 
1 
24 
15 
11 

<376>
211 
18 
27 
23 
1 
2 
11 
29 
6 
16 

<377>
220 
29 
5 
16 
22 
29 
5 
13 
19 
6 

<378>
220 
4 
22 
9 
20 
14 
26 
20 
29 
2 

<379>
200 
10 
20 
19 
24 
12 
13 
26 
11 
18 

<380>
210 
23 
8 
7 
30 
29 
6 
26 
4 
16 

<381>
223 
24 
19 
15 
2 
1 
20 
20 
20 
18 

<382>
220 
12 
27 
2 
1 
12 
14 
13 
7 
16 

<383>
221 
17 
30 
29 
24 
30 
28 
21 
17 
1 

<384>
205 
10 
16 
17 
17 
18 
17 
6 
29 
28 

<385>
223 
19 
10 
12 
13 
2 
24 
18 
6 
22 

<386>
202 
27 
9 
2 
25 
24 
23 
14 
14 
2 

<387>
205 
11 
11 
22 
19 
19 
1 
27 
17 
29 

<388>
224 
10 
9 
26 
13 
21 
19 
28 
8 
24 

<389>
219 
2 
20 
20 
26 
6 
5 
18 
12 
10 

<390>
218 
17 
20 
22 
8 
1 
2 
8 
27 
18 

<391>
227 
21 
19 
7 
8 
2 
19 
26 
21 
19 

<392>
218 
2 
20 
30 
13 
7 
28 
17 
25 
9 

<393>
225 
5 
25 
8 
18 
25 
8 
20 
24 
26 

<394>
228 
22 
9 
18 
20 
16 
11 
30 
4 
1 

<395>
217 
14 
25 
30 
6 
7 
6 
3 
16 
22 

<396>
202 
3 
19 
27 
10 
6 
21 
9 
17 
7 

<397>
226 
8 
28 
5 
25 
9 
12 
5 
8 
15 

<398>
226 
26 
21 
13 
17 
26 
20 
22 
20 
27 

<399>
213 
22 
29 
2 
18 
1 
29 
1 
9 
8 

<400>
228 
5 
15 
18 
1 
1 
26 
13 
27 
3 

<401>
218 
23 
20 
9 
6 
6 
4 
17 
20 
15 

<402>
212 
25 
6 
11 
18 
16 
11 
16 
8 
12 

<403>
214 
6 
8 
21 
23 
9 
13 
18 
13 
9 

<404>
211 
1 
2 
24 
10 
29 
21 
5 
15 
10 

<405>
219 
19 
4 
17 
21 
21 
2 
24 
29 
9 

<406>
226 
5 
6 
4 
18 
28 
4 
30 
7 
16 

<407>
208 
19 
17 
2 
4 
18 
30 
24 
14 
6 

<408>
225 
3 
24 
29 
12 
14 
12 
13 
29 
2 

<409>
213 
25 
28 
19 
29 
15 
9 
24 
15 
15 

<410>
209 
15 
25 
18 
16 
28 
5 
15 
22 
18 

<411>
211 
17 
13 
5 
7 
16 
10 
10 
28 
9 

<412>
210 
3 
3 
9 
22 
23 
15 
30 
17 
29 

<413>
205 
18 
5 
1 
5 
20 
20 
1 
26 
3 

<414>
209 
7 
19 
14 
3 
18 
29 
13 
27 
19 

<415>
212 
30 
21 
7 
30 
4 
22 
14 
25 
30 

<416>
204 
1 
17 
9 
23 
13 
21 
12 
13 
16 

<417>
214 
14 
15 
25 
28 
17 
4 
18 
21 
23 

<418>
205 
25 
22 
19 
24 
13 
22 
15 
26 
9 

<419>
213 
22 
1 
22 
1 
23 
4 
13 
26 
8 

<420>
219 
2 
21 
4 
19 
10 
13 
22 
28 
25 

<421>
213 
3 
20 
27 
13 
13 
1 
27 
19 
27 

<422>
204 
2 
18 
5 
15 
10 
19 
18 
22 
14 

<423>
216 
12 
16 
7 
7 
4 
17 
19 
17 
6 

<424>
205 
23 
30 
25 
11 
13 
29 
12 
9 
17 

<425>
207 
13 
10 
17 
9 
24 
19 
27 
11 
10 

<426>
209 
27 
13 
17 
25 
12 
12 
3 
22 
29 

<427>
207 
27 
13 
8 
21 
23 
20 
11 
4 
28 

<428>
226 
3 
2 
6 
20 
10 
29 
8 
28 
1 

<429>
208 
7 
19 
14 
16 
14 
25 
27 
16 
8 

<430>
216 
16 
5 
29 
23 
17 
14 
4 
28 
17 

<431>
222 
16 
20 
24 
22 
1 
25 
12 
8 
22 

<432>
212 
8 
20 
1 
13 
27 
6 
29 
16 
14 

<433>
206 
2 
29 
3 
23 
13 
19 
6 
16 
8 

<434>
213 
8 
24 
3 
23 
15 
3 
9 
26 
2 

<435>
229 
30 
2 
11 
23 
14 
8 
20 
5 
23 

<436>
202 
11 
16 
23 
13 
30 
27 
23 
27 
4 

<437>
200 
11 
11 
24 
5 
25 
30 
30 
3 
25 

<438>
222 
24 
17 
24 
27 
9 
30 
4 
28 
4 

<439>
217 
23 
6 
25 
7 
10 
17 
4 
2 
13 

<440>
206 
2 
15 
10 
17 
12 
26 
16 
11 
29 

<441>
210 
3 
14 
27 
19 
10 
27 
10 
5 
16 

<442>
204 
22 
8 
10 
9 
7 
19 
25 
2 
12 

<443>
228 
8 
14 
6 
9 
30 
17 
5 
16 
27 

<444>
224 
18 
21 
8 
6 
9 
18 
24 
10 
22 

<445>
208 
14 
6 
9 
23 
6 
15 
3 
22 
16 

<446>
214 
20 
15 
20 
25 
16 
11 
3 
20 
18 

<447>
228 
6 
27 
12 
13 
24 
12 
30 
17 
22 

<448>
213 
26 
5 
19 
26 
28 
24 
10 
22 
15 

<449>
224 
28 
26 
1 
9 
13 
16 
20 
15 
27 

<450>
228 
6 
2 
26 
17 
15 
19 
28 
6 
28 

<451>
218 
19 
15 
24 
29 
10 
13 
22 
19 
26 

<452>
227 
5 
24 
16 
27 
2 
28 
13 
13 
4 

<453>
208 
12 
9 
11 
29 
17 
25 
9 
15 
22 

<454>
205 
25 
11 
20 
10 
9 
21 
14 
23 
1 

<455>
209 
20 
5 
25 
27 
2 
26 
24 
6 
1 

<456>
227 
14 
4 
28 
16 
2 
15 
2 
10 
29 

<457>
223 
8 
15 
4 
19 
25 
4 
10 
8 
26 

<458>
209 
17 
8 
7 
11 
4 
30 
29 
20 
5 

<459>
228 
9 
10 
2 
6 
26 
25 
20 
27 
26 

<460>
209 
12 
3 
25 
15 
22 
19 
11 
1 
26 

<461>
205 
10 
5 
5 
8 
7 
1 
7 
5 
20 

<462>
210 
25 
28 
21 
18 
3 
8 
4 
15 
26 

<463>
229 
24 
8 
2 
18 
14 
23 
6 
24 
15 

<464>
223 
22 
17 
20 
18 
24 
26 
18 
1 
23 

<465>
228 
3 
9 
26 
23 
19 
21 
22 
22 
5 

<466>
217 
21 
28 
25 
23 
8 
30 
7 
5 
24 

<467>
221 
28 
7 
8 
9 
24 
23 
5 
4 
23 

<468>
218 
2 
26 
27 
20 
10 
15 
2 
2 
7 

<469>
227 
11 
27 
25 
27 
11 
24 
26 
18 
29 

<470>
210 
9 
18 
17 
8 
27 
3 
30 
23 
6 

<471>
214 
11 
29 
10 
7 
18 
11 
14 
19 
4 

<472>
219 
16 
14 
8 
3 
10 
19 
26 
28 
28 

<473>
215 
8 
28 
4 
25 
5 
22 
19 
26 
14 

<474>
223 
10 
24 
22 
11 
30 
2 
22 
13 
20 

<475>
216 
24 
28 
1 
24 
30 
2 
12 
17 
29 

<476>
208 
25 
29 
28 
28 
23 
2 
11 
11 
27 

<477>
223 
26 
29 
17 
9 
9 
8 
10 
22 
13 

<478>
221 
9 
6 
19 
1 
29 
10 
24 
2 
18 

<479>
214 
2 
12 
13 
29 
1 
5 
22 
11 
7 

<480>
210 
4 
24 
9 
20 
2 
9 
20 
12 
1 

<481>
201 
3 
1 
29 
13 
1 
20 
22 
24 
21 

<482>
208 
30 
15 
13 
12 
5 
5 
16 
27 
16 

<483>
213 
29 
11 
29 
7 
23 
1 
7 
12 
4 

<484>
206 
13 
28 
7 
3 
10 
29 
22 
23 
15 

<485>
204 
1 
14 
19 
5 
26 
15 
10 
3 
3 

<486>
216 
9 
1 
27 
7 
29 
19 
29 
6 
30 

<487>
201 
12 
4 
29 
11 
7 
30 
1 
20 
22 

<488>
206 
24 
15 
21 
4 
19 
8 
19 
20 
2 

<489>
220 
6 
2 
14 
3 
9 
12 
21 
29 
17 

<490>
212 
1 
21 
8 
21 
1 
6 
21 
23 
26 

<491>
203 
30 
19 
18 
12 
23 
29 
19 
3 
18 

<492>
211 
15 
24 
14 
28 
26 
14 
2 
8 
12 

<493>
217 
12 
4 
8 
20 
25 
30 
25 
7 
23 

<494>
211 
2 
22 
1 
20 
3 
15 
18 
13 
9 

<495>
204 
24 
23 
20 
29 
13 
15 
12 
14 
15 

<496>
215 
23 
26 
19 
1 
7 
5 
30 
24 
3 

<497>
221 
5 
5 
5 
5 
16 
7 
11 
25 
11 

<498>
210 
21 
27 
4 
11 
25 
8 
25 
29 
13 

<499>
200 
14 
5 
27 
24 
5 
25 
29 
27 
18 

<500>
222 
10 
23 
27 
15 
19 
4 
13 
30 
28 

<501>
223 
10 
19 
20 
5 
29 
6 
4 
15 
4 

<502>
215 
16 
9 
13 
4 
3 
9 
28 
23 
5 

<503>
215 
15 
15 
30 
4 
21 
18 
7 
3 
9 

<504>
226 
26 
11 
15 
7 
15 
5 
13 
11 
11 

<505>
207 
18 
26 
9 
30 
21 
11 
9 
11 
3 

<506>
204 
26 
9 
11 
25 
4 
1 
4 
3 
4 

<507>
212 
29 
21 
23 
5 
28 
29 
9 
2 
9 

<508>
218 
1 
19 
7 
9 
18 
19 
19 
18 
29 

<509>
212 
15 
16 
14 
25 
2 
17 
26 
6 
19 

<510>
220 
18 
17 
11 
2 
13 
30 
30 
21 
23 

<511>
200 
2 
24 
19 
30 
2 
6 
10 
13 
16 

<512>
208 
17 
30 
16 
30 
16 
18 
17 
3 
15 

<513>
226 
15 
24 
6 
26 
25 
18 
17 
24 
1 

<514>
209 
16 
24 
3 
4 
15 
26 
10 
24 
8 

<515>
216 
24 
25 
8 
2 
16 
23 
19 
2 
18 

<516>
224 
21 
2 
18 
26 
27 
4 
13 
6 
19 

<517>
212 
15 
5 
28 
9 
8 
12 
4 
9 
6 

<518>
203 
25 
21 
20 
2 
22 
5 
17 
2 
7 

<519>
203 
26 
19 
5 
5 
14 
24 
30 
26 
21 

<520>
218 
1 
27 
15 
28 
5 
14 
10 
30 
23 

<521>
206 
25 
9 
27 
14 
3 
19 
19 
19 
20 

<522>
216 
14 
8 
5 
10 
4 
18 
25 
4 
5 

<523>
214 
14 
5 
11 
20 
25 
7 
3 
26 
7 

<524>
224 
2 
1 
26 
20 
15 
28 
30 
25 
8 

<525>
211 
11 
21 
19 
15 
30 
14 
24 
25 
9 

<526>
227 
1 
22 
25 
12 
11 
19 
18 
6 
6 

<527>
215 
30 
29 
9 
17 
18 
23 
14 
10 
9 

<528>
220 
21 
19 
3 
1 
25 
3 
14 
18 
19 

<529>
222 
15 
19 
6 
9 
22 
9 
19 
2 
14 

<530>
215 
17 
5 
14 
25 
22 
24 
9 
27 
3 

<531>
216 
18 
15 
27 
20 
15 
21 
14 
20 
8 

<532>
223 
4 
23 
5 
10 
23 
26 
10 
4 
27 

<533>
222 
11 
6 
19 
25 
30 
2 
10 
9 
29 

<534>
211 
17 
8 
26 
14 
27 
2 
4 
3 
21 

<535>
211 
26 
25 
26 
22 
26 
10 
18 
5 
5 

<536>
205 
19 
16 
11 
29 
2 
3 
1 
11 
11 

<537>
228 
22 
19 
28 
9 
2 
16 
10 
28 
18 

<538>
221 
1 
6 
16 
18 
27 
11 
27 
6 
7 

<539>
223 
12 
25 
9 
14 
16 
2 
16 
16 
12 

<540>
217 
6 
25 
7 
3 
3 
30 
18 
4 
27 

<541>
205 
25 
27 
3 
3 
6 
29 
13 
3 
27 

<542>
211 
18 
30 
28 
18 
13 
13 
19 
21 
28 

<543>
229 
30 
25 
16 
28 
27 
10 
28 
15 
13 

<544>
215 
12 
29 
5 
6 
1 
10 
26 
6 
4 

<545>
221 
17 
21 
13 
14 
30 
26 
19 
18 
8 

<546>
207 
9 
7 
3 
24 
27 
29 
3 
24 
5 

<547>
206 
1 
8 
6 
5 
13 
6 
7 
1 
11 

<548>
209 
22 
19 
23 
5 
3 
22 
22 
13 
2 

<549>
220 
20 
10 
19 
22 
26 
15 
13 
20 
30 

<550>
216 
27 
1 
17 
24 
27 
29 
21 
3 
21 

<551>
223 
5 
13 
12 
27 
9 
6 
10 
22 
18 

<552>
210 
12 
8 
13 
30 
29 
8 
7 
11 
27 

<553>
205 
20 
15 
6 
6 
30 
25 
26 
21 
27 

<554>
216 
14 
1 
21 
25 
19 
29 
23 
29 
12 

<555>
209 
9 
23 
9 
21 
14 
30 
20 
20 
10 

<556>
208 
26 
21 
23 
23 
18 
15 
17 
6 
5 

<557>
205 
22 
10 
6 
4 
26 
25 
24 
18 
23 

<558>
204 
20 
23 
27 
28 
6 
2 
27 
25 
22 

<559>
228 
3 
9 
11 
18 
23 
29 
2 
2 
4 

<560>
227 
7 
17 
29 
12 
12 
24 
28 
5 
4 

<561>
211 
9 
23 
27 
27 
12 
2 
20 
9 
26 

<562>
210 
29 
21 
11 
9 
8 
4 
29 
9 
5 

<563>
201 
28 
3 
10 
26 
6 
21 
11 
26 
17 

<564>
213 
7 
17 
28 
25 
5 
10 
26 
25 
10 

<565>
213 
27 
30 
4 
30 
8 
11 
3 
7 
11 

<566>
228 
30 
30 
23 
2 
25 
28 
14 
5 
23 

<567>
200 
11 
22 
17 
30 
16 
14 
9 
12 
8 

<568>
209 
17 
26 
9 
20 
25 
9 
22 
19 
15 

<569>
201 
9 
6 
23 
1 
7 
17 
21 
21 
13 

<570>
212 
21 
23 
26 
29 
23 
12 
4 
23 
15 

<571>
210 
25 
1 
29 
25 
20 
23 
3 
11 
4 

<572>
216 
4 
12 
15 
26 
5 
21 
4 
25 
11 

<573>
215 
29 
23 
1 
25 
14 
15 
6 
17 
29 

<574>
211 
20 
15 
12 
18 
10 
23 
2 
12 
25 

<575>
226 
21 
28 
9 
5 
15 
5 
25 
10 
21 

<576>
227 
17 
11 
12 
9 
5 
25 
23 
2 
4 

<577>
213 
13 
23 
28 
16 
2 
7 
8 
25 
19 

<578>
201 
22 
1 
21 
22 
5 
27 
26 
21 
6 

<579>
207 
18 
23 
18 
30 
1 
15 
16 
16 
16 

<580>
218 
21 
21 
3 
18 
6 
4 
17 
6 
21 

<581>
226 
7 
12 
27 
28 
3 
1 
24 
20 
21 

<582>
221 
27 
1 
14 
6 
22 
6 
20 
29 
13 

<583>
227 
10 
3 
18 
12 
13 
15 
8 
29 
20 

<584>
227 
25 
19 
9 
13 
16 
3 
5 
1 
14 

<585>
216 
22 
10 
17 
27 
7 
30 
25 
27 
29 

<586>
206 
16 
8 
2 
25 
19 
14 
9 
18 
4 

<587>
220 
15 
20 
9 
15 
2 
16 
9 
6 
16 

<588>
221 
22 
30 
23 
1 
18 
30 
30 
12 
18 

<589>
219 
11 
3 
27 
12 
27 
8 
17 
27 
17 

<590>
219 
9 
2 
1 
17 
8 
2 
24 
17 
29 

<591>
201 
8 
12 
1 
1 
12 
10 
22 
4 
22 

<592>
208 
23 
24 
3 
12 
27 
21 
19 
13 
9 

<593>
204 
24 
18 
28 
16 
26 
28 
17 
20 
14 

<594>
206 
21 
13 
18 
13 
5 
22 
22 
26 
25 

<595>
204 
26 
9 
20 
28 
20 
16 
10 
30 
20 

<596>
218 
27 
5 
6 
16 
20 
1 
13 
6 
12 

<597>
217 
4 
2 
1 
22 
6 
5 
13 
28 
23 

<598>
228 
24 
18 
7 
14 
8 
19 
21 
17 
10 

<599>
210 
5 
6 
15 
2 
22 
5 
3 
26 
2 

<600>
213 
14 
6 
8 
6 
27 
13 
2 
1 
2 

<601>
223 
21 
18 
12 
19 
23 
11 
29 
13 
27 

<602>
208 
23 
24 
14 
8 
25 
27 
12 
27 
15 

<603>
204 
3 
28 
10 
2 
25 
28 
6 
26 
20 

<604>
207 
20 
10 
17 
23 
21 
9 
3 
19 
21 

<605>
220 
27 
14 
14 
3 
13 
9 
21 
16 
27 

<606>
204 
20 
21 
24 
30 
22 
18 
27 
28 
14 

<607>
208 
27 
3 
10 
13 
17 
30 
13 
19 
11 

<608>
202 
1 
7 
8 
15 
1 
20 
15 
22 
5 

<609>
202 
26 
25 
24 
20 
16 
7 
7 
4 
26 

<610>
219 
12 
22 
14 
22 
26 
30 
21 
8 
10 

<611>
200 
3 
11 
30 
10 
17 
30 
22 
1 
13 

<612>
225 
25 
9 
12 
10 
20 
19 
17 
18 
23 

<613>
211 
8 
4 
26 
13 
17 
13 
13 
30 
13 

<614>
213 
30 
15 
24 
21 
16 
2 
13 
7 
24 

<615>
224 
25 
19 
25 
28 
28 
14 
17 
6 
2 

<616>
200 
18 
1 
4 
5 
5 
13 
9 
9 
12 

<617>
220 
23 
3 
27 
8 
24 
13 
10 
28 
11 

<618>
202 
14 
5 
21 
9 
3 
11 
14 
11 
16 

<619>
206 
11 
25 
29 
6 
21 
4 
18 
30 
12 

<620>
228 
20 
26 
2 
9 
4 
17 
21 
5 
14 

<621>
222 
7 
27 
28 
20 
27 
22 
22 
11 
2 

<622>
206 
9 
4 
2 
8 
9 
22 
11 
27 
21 

<623>
213 
17 
3 
10 
10 
3 
5 
26 
15 
9 

<624>
208 
7 
7 
28 
26 
18 
24 
17 
9 
26 

<625>
209 
16 
5 
13 
9 
12 
14 
30 
14 
2 

<626>
212 
27 
18 
7 
28 
28 
9 
2 
15 
15 

<627>
201 
16 
21 
9 
13 
17 
26 
6 
25 
27 

<628>
201 
5 
12 
6 
9 
12 
9 
14 
3 
22 

<629>
214 
7 
10 
25 
13 
8 
14 
13 
1 
28 

<630>
218 
3 
13 
10 
11 
17 
18 
28 
23 
12 

<631>
223 
16 
8 
27 
13 
9 
30 
13 
22 
3 

<632>
203 
29 
9 
5 
15 
14 
12 
20 
18 
5 

<633>
208 
7 
7 
14 
8 
9 
30 
25 
28 
14 

<634>
205 
14 
29 
6 
2 
3 
14 
2 
15 
27 

<635>
203 
10 
25 
4 
15 
1 
9 
18 
20 
27 

<636>
221 
29 
25 
28 
12 
2 
28 
11 
26 
26 

<637>
216 
23 
9 
15 
28 
10 
10 
11 
3 
16 

<638>
229 
28 
26 
24 
2 
10 
17 
2 
19 
6 

<639>
227 
11 
26 
14 
30 
7 
15 
28 
10 
2 

<640>
214 
26 
25 
15 
2 
14 
16 
11 
17 
19 

<641>
218 
16 
16 
14 
1 
9 
15 
17 
11 
3 

<642>
214 
30 
5 
10 
6 
5 
17 
20 
24 
18 

<643>
213 
30 
13 
8 
14 
6 
13 
21 
9 
29 

<644>
208 
27 
6 
17 
10 
7 
17 
16 
23 
19 

<645>
217 
29 
11 
23 
9 
16 
19 
17 
5 
4 

<646>
203 
18 
3 
8 
17 
16 
13 
22 
6 
21 

<647>
219 
7 
17 
26 
15 
18 
24 
1 
3 
8 

<648>
219 
13 
7 
22 
27 
15 
7 
15 
23 
3 

<649>
217 
26 
13 
20 
25 
21 
27 
7 
12 
24 

<650>
219 
24 
22 
28 
19 
6 
16 
4 
29 
10 

<651>
210 
10 
14 
17 
1 
10 
23 
7 
24 
15 

<652>
208 
3 
2 
21 
14 
26 
12 
10 
25 
23 

<653>
225 
14 
16 
9 
11 
26 
15 
18 
21 
5 

<654>
219 
2 
14 
3 
10 
14 
13 
25 
20 
28 

<655>
200 
20 
1 
3 
11 
6 
20 
14 
16 
14 

<656>
227 
3 
27 
14 
11 
30 
1 
17 
9 
22 

<657>
220 
28 
15 
4 
23 
16 
9 
27 
10 
28 

<658>
215 
11 
10 
8 
5 
20 
14 
24 
25 
29 

<659>
207 
22 
23 
26 
27 
25 
25 
28 
12 
4 

<660>
210 
24 
1 
17 
20 
15 
2 
28 
11 
12 

<661>
217 
27 
14 
27 
4 
10 
8 
17 
3 
2 

<662>
206 
2 
23 
21 
28 
20 
16 
22 
9 
19 

<663>
216 
19 
12 
10 
5 
1 
24 
28 
29 
5 

<664>
200 
16 
23 
14 
12 
26 
15 
19 
5 
18 

<665>
219 
11 
11 
4 
2 
8 
23 
9 
22 
1 

<666>
226 
8 
11 
8 
17 
7 
1 
11 
5 
29 

<667>
206 
5 
6 
29 
11 
9 
16 
25 
27 
20 

<668>
203 
8 
23 
15 
11 
16 
22 
26 
24 
13 

<669>
217 
12 
13 
29 
11 
29 
5 
11 
9 
1 

<670>
208 
7 
6 
6 
5 
16 
14 
13 
2 
2 

<671>
201 
6 
9 
16 
20 
12 
1 
3 
29 
16 

<672>
207 
16 
27 
20 
6 
8 
18 
3 
10 
19 

<673>
202 
11 
25 
30 
16 
22 
7 
30 
4 
9 

<674>
222 
27 
6 
24 
13 
25 
27 
5 
19 
25 

<675>
212 
26 
2 
1 
7 
30 
8 
25 
24 
10 

<676>
204 
18 
20 
29 
18 
5 
12 
16 
26 
15 

<677>
223 
19 
4 
29 
12 
16 
15 
30 
12 
26 

<678>
223 
24 
21 
17 
25 
20 
16 
24 
14 
9 

<679>
202 
10 
27 
22 
30 
6 
19 
12 
21 
6 

<680>
217 
7 
24 
21 
27 
27 
28 
12 
26 
10 

<681>
228 
11 
3 
11 
20 
19 
30 
5 
13 
5 

<682>
205 
7 
14 
24 
21 
14 
29 
9 
17 
11 

<683>
213 
4 
17 
30 
25 
14 
18 
22 
17 
6 

<684>
222 
15 
8 
26 
17 
27 
6 
17 
24 
10 

<685>
220 
29 
17 
27 
14 
7 
10 
12 
7 
26 

<686>
213 
12 
21 
1 
3 
15 
6 
13 
29 
14 

<687>
217 
21 
20 
17 
8 
6 
14 
14 
22 
29 

<688>
222 
5 
27 
1 
1 
2 
29 
2 
13 
5 

<689>
218 
18 
9 
9 
18 
11 
24 
15 
23 
14 

<690>
219 
2 
4 
9 
19 
12 
7 
24 
17 
28 

<691>
221 
1 
24 
10 
2 
24 
11 
22 
17 
15 

<692>
226 
5 
2 
5 
14 
12 
7 
29 
18 
30 

<693>
211 
8 
1 
7 
16 
11 
10 
14 
26 
18 

<694>
211 
17 
19 
27 
18 
12 
13 
20 
3 
29 

<695>
203 
21 
4 
28 
25 
9 
1 
24 
7 
18 

<696>
222 
10 
25 
15 
8 
3 
18 
18 
16 
13 

<697>
204 
19 
22 
15 
8 
9 
26 
20 
21 
29 

<698>
217 
16 
19 
13 
13 
6 
13 
13 
29 
19 

<699>
222 
13 
20 
9 
27 
28 
3 
6 
7 
11 

<700>
218 
11 
21 
10 
26 
28 
10 
13 
17 
30 

<701>
210 
27 
16 
22 
1 
20 
19 
14 
25 
9 

<702>
223 
17 
21 
14 
17 
9 
3 
20 
15 
9 

<703>
229 
3 
11 
20 
4 
6 
18 
13 
11 
26 

<704>
204 
21 
22 
20 
4 
15 
1 
22 
28 
25 

<705>
229 
21 
3 
12 
26 
20 
21 
20 
9 
5 

<706>
227 
8 
29 
9 
19 
2 
6 
6 
14 
16 

<707>
223 
10 
29 
7 
29 
24 
21 
22 
8 
18 

<708>
215 
7 
1 
19 
11 
18 
30 
1 
8 
8 

<709>
226 
5 
7 
25 
5 
17 
26 
3 
23 
1 

<710>
217 
8 
3 
8 
14 
23 
2 
5 
14 
9 

<711>
213 
30 
7 
6 
10 
17 
24 
1 
9 
1 

<712>
229 
5 
27 
6 
21 
24 
22 
8 
26 
6 

<713>
208 
13 
5 
3 
13 
19 
25 
14 
15 
9 

<714>
221 
28 
30 
28 
26 
1 
7 
19 
1 
15 

<715>
210 
30 
20 
29 
27 
2 
22 
10 
10 
17 

<716>
207 
18 
22 
12 
12 
4 
22 
6 
17 
6 

<717>
213 
30 
26 
5 
19 
21 
5 
25 
1 
27 

<718>
209 
11 
26 
21 
1 
14 
22 
23 
16 
23 

<719>
200 
23 
2 
22 
26 
13 
17 
18 
19 
25 

<720>
214 
2 
24 
10 
29 
13 
30 
3 
29 
22 

<721>
229 
30 
2 
17 
12 
3 
23 
26 
17 
8 

<722>
217 
17 
30 
20 
1 
17 
2 
17 
26 
20 

<723>
211 
11 
14 
27 
20 
12 
1 
12 
6 
30 

<724>
202 
5 
21 
27 
14 
3 
21 
6 
28 
29 

<725>
212 
7 
15 
4 
26 
15 
12 
28 
24 
8 

<726>
208 
27 
18 
14 
23 
29 
25 
24 
2 
1 

<727>
214 
5 
27 
5 
23 
10 
29 
5 
7 
26 

<728>
202 
19 
25 
9 
14 
20 
16 
26 
9 
9 

<729>
202 
18 
5 
12 
23 
27 
10 
18 
12 
12 

<730>
209 
18 
8 
28 
23 
22 
30 
13 
26 
6 

<731>
208 
20 
17 
25 
28 
22 
14 
13 
17 
15 

<732>
212 
11 
24 
17 
22 
16 
6 
24 
25 
9 

<733>
226 
4 
27 
4 
24 
11 
17 
23 
23 
4 

<734>
219 
23 
23 
6 
17 
12 
28 
1 
25 
6 

<735>
214 
29 
17 
8 
16 
30 
15 
13 
15 
10 

<736>
220 
11 
13 
9 
6 
28 
19 
22 
20 
12 

<737>
224 
10 
26 
9 
7 
13 
21 
26 
5 
7 

<738>
201 
11 
5 
10 
10 
12 
9 
24 
24 
16 

<739>
202 
7 
26 
8 
15 
2 
27 
4 
15 
17 

<740>
206 
2 
18 
24 
10 
16 
6 
22 
12 
2 

<741>
227 
13 
4 
25 
14 
13 
6 
14 
29 
22 

<742>
228 
23 
28 
25 
22 
4 
18 
19 
29 
2 

<743>
204 
27 
3 
14 
21 
5 
29 
18 
26 
10 

<744>
219 
16 
14 
23 
10 
27 
28 
15 
3 
26 

<745>
227 
1 
10 
17 
25 
2 
21 
4 
20 
19 

<746>
205 
16 
16 
30 
21 
6 
26 
19 
23 
22 

<747>
220 
4 
7 
26 
27 
16 
15 
16 
22 
17 

<748>
202 
12 
17 
12 
28 
4 
13 
18 
7 
24 

<749>
228 
4 
1 
14 
26 
21 
11 
21 
10 
3 

<750>
211 
22 
29 
10 
17 
25 
17 
23 
2 
9 

<751>
208 
4 
20 
18 
15 
9 
21 
20 
27 
19 

<752>
204 
25 
15 
6 
30 
10 
26 
10 
30 
27 

<753>
203 
4 
18 
2 
13 
27 
18 
30 
19 
19 

<754>
229 
20 
22 
11 
7 
29 
19 
19 
18 
7 

<755>
206 
22 
23 
21 
19 
14 
30 
15 
23 
22 

<756>
210 
27 
17 
21 
20 
21 
9 
8 
12 
19 

<757>
217 
3 
8 
10 
13 
6 
30 
24 
24 
9 

<758>
221 
1 
30 
7 
13 
11 
20 
5 
25 
5 

<759>
217 
27 
23 
4 
9 
12 
24 
17 
11 
28 

<760>
227 
29 
30 
27 
8 
5 
3 
29 
20 
26 

<761>
206 
11 
18 
28 
9 
23 
8 
29 
27 
2 

<762>
224 
14 
21 
17 
9 
29 
28 
24 
8 
9 

<763>
220 
5 
7 
13 
1 
6 
17 
25 
26 
6 

<764>
212 
2 
8 
22 
29 
17 
14 
7 
7 
10 

<765>
229 
1 
15 
20 
9 
23 
19 
6 
9 
26 

<766>
205 
29 
22 
4 
11 
22 
1 
19 
9 
26 

<767>
223 
21 
27 
24 
12 
18 
2 
26 
24 
30 

<768>
226 
15 
22 
4 
5 
30 
26 
15 
27 
26 

<769>
209 
25 
25 
23 
28 
27 
14 
21 
16 
22 

<770>
207 
1 
4 
5 
24 
16 
14 
17 
11 
29 

<771>
215 
29 
13 
7 
2 
17 
28 
20 
23 
25 

<772>
214 
2 
19 
1 
24 
8 
28 
30 
28 
5 

<773>
212 
6 
27 
17 
2 
13 
2 
7 
29 
4 

<774>
204 
7 
24 
17 
13 
26 
26 
3 
7 
18 

<775>
226 
21 
12 
7 
22 
27 
14 
11 
26 
4 

<776>
206 
1 
9 
25 
9 
2 
7 
10 
8 
28 

<777>
204 
12 
4 
20 
20 
8 
15 
15 
10 
21 

<778>
202 
6 
4 
14 
12 
17 
10 
18 
27 
28 

<779>
220 
25 
28 
21 
19 
6 
22 
18 
7 
21 

<780>
214 
3 
24 
18 
22 
13 
25 
29 
28 
5 

<781>
218 
30 
2 
14 
5 
6 
30 
6 
23 
18 

<782>
202 
13 
12 
22 
3 
23 
19 
16 
10 
25 

<783>
205 
24 
19 
29 
3 
11 
3 
27 
1 
30 

<784>
222 
11 
21 
17 
25 
17 
22 
24 
23 
6 

<785>
211 
25 
10 
15 
17 
12 
7 
5 
19 
8 

<786>
221 
24 
23 
2 
14 
25 
4 
16 
14 
4 

<787>
207 
28 
15 
20 
14 
9 
7 
27 
24 
29 

<788>
201 
5 
23 
3 
12 
1 
14 
18 
28 
24 

<789>
217 
11 
9 
10 
12 
22 
5 
16 
30 
10 

<790>
218 
29 
7 
25 
18 
21 
3 
24 
9 
19 

<791>
221 
3 
23 
7 
5 
26 
7 
11 
14 
26 

<792>
203 
23 
6 
13 
2 
18 
26 
28 
3 
25 

<793>
206 
13 
15 
6 
8 
3 
26 
10 
26 
26 

<794>
227 
10 
28 
13 
16 
25 
8 
14 
5 
13 

<795>
209 
8 
27 
15 
20 
29 
2 
8 
18 
26 

<796>
201 
25 
9 
9 
30 
16 
11 
17 
17 
28 

<797>
203 
7 
7 
24 
19 
14 
18 
18 
28 
22 

<798>
222 
7 
21 
19 
13 
3 
9 
15 
10 
27 

<799>
209 
3 
13 
10 
11 
4 
25 
21 
12 
12 

<800>
210 
15 
18 
17 
8 
28 
1 
25 
7 
28 

<801>
207 
29 
26 
29 
10 
8 
1 
18 
14 
2 

<802>
213 
24 
4 
18 
25 
15 
21 
20 
27 
24 

<803>
200 
7 
9 
10 
16 
8 
7 
16 
25 
13 

<804>
204 
2 
4 
30 
22 
13 
29 
14 
30 
13 

<805>
214 
6 
28 
19 
15 
22 
25 
28 
11 
13 

<806>
220 
3 
20 
21 
12 
5 
29 
10 
12 
23 

<807>
222 
8 
16 
18 
7 
8 
30 
5 
21 
21 

<808>
208 
28 
18 
6 
8 
3 
28 
2 
30 
30 

<809>
205 
20 
3 
25 
11 
6 
21 
1 
16 
24 

<810>
222 
30 
1 
30 
17 
29 
7 
8 
26 
20 

<811>
227 
4 
9 
16 
2 
16 
10 
29 
9 
9 

<812>
219 
14 
20 
22 
1 
22 
28 
13 
22 
5 

<813>
228 
6 
4 
29 
6 
12 
20 
4 
19 
15 

<814>
214 
16 
10 
23 
23 
11 
30 
2 
1 
8 

<815>
201 
21 
14 
22 
4 
14 
5 
23 
18 
19 

<816>
226 
16 
24 
22 
7 
21 
3 
26 
17 
13 

<817>
201 
23 
21 
11 
8 
13 
22 
7 
7 
14 

<818>
206 
8 
4 
20 
21 
30 
25 
26 
22 
4 

<819>
213 
19 
20 
29 
2 
18 
12 
5 
13 
28 

<820>
208 
14 
12 
29 
16 
19 
12 
7 
18 
18 

<821>
212 
24 
17 
8 
5 
8 
7 
21 
25 
29 

<822>
215 
30 
9 
5 
28 
10 
22 
9 
6 
26 

<823>
227 
15 
1 
2 
13 
17 
20 
16 
15 
7 

<824>
224 
27 
22 
12 
5 
18 
11 
11 
30 
27 

<825>
200 
16 
26 
9 
20 
15 
11 
4 
24 
8 

<826>
220 
13 
22 
22 
14 
27 
8 
26 
4 
22 

<827>
223 
29 
19 
16 
2 
15 
3 
4 
25 
3 

<828>
229 
18 
18 
17 
26 
29 
1 
28 
24 
16 

<829>
205 
15 
29 
19 
28 
4 
15 
5 
21 
11 

<830>
225 
15 
9 
6 
30 
2 
20 
24 
27 
7 

<831>
217 
18 
24 
27 
4 
11 
18 
4 
9 
3 

<832>
219 
14 
9 
10 
2 
6 
5 
9 
10 
26 

<833>
218 
28 
10 
19 
3 
1 
12 
15 
24 
8 

<834>
220 
4 
25 
14 
30 
20 
16 
9 
23 
24 

<835>
211 
4 
7 
20 
13 
1 
26 
18 
9 
27 

<836>
204 
27 
16 
14 
15 
19 
6 
26 
25 
29 

<837>
224 
15 
24 
11 
20 
16 
30 
5 
24 
22 

<838>
220 
27 
26 
27 
17 
30 
27 
4 
17 
27 

<839>
221 
21 
23 
8 
26 
29 
18 
1 
16 
12 

<840>
221 
10 
18 
15 
12 
7 
22 
11 
3 
16 

<841>
224 
23 
4 
20 
12 
20 
11 
30 
15 
28 

<842>
226 
7 
10 
11 
14 
28 
2 
1 
20 
17 

<843>
211 
11 
19 
29 
18 
30 
27 
1 
3 
21 

<844>
207 
27 
6 
12 
8 
17 
1 
18 
8 
8 

<845>
206 
4 
14 
9 
7 
19 
6 
8 
11 
17 

<846>
215 
14 
20 
26 
4 
7 
18 
30 
29 
12 

<847>
211 
7 
8 
17 
18 
15 
25 
10 
24 
3 

<848>
216 
1 
28 
22 
1 
4 
2 
28 
3 
12 

<849>
213 
11 
25 
3 
28 
28 
1 
15 
19 
30 

<850>
225 
1 
6 
25 
9 
23 
1 
4 
2 
25 

<851>
227 
11 
17 
25 
2 
17 
21 
4 
14 
15 

<852>
206 
19 
25 
2 
22 
23 
21 
14 
29 
2 

<853>
212 
17 
24 
10 
3 
2 
2 
4 
27 
26 

<854>
219 
24 
28 
6 
19 
21 
14 
1 
16 
19 

<855>
214 
23 
7 
2 
16 
28 
16 
28 
12 
14 

<856>
228 
16 
22 
22 
26 
25 
16 
19 
20 
12 

<857>
205 
9 
28 
3 
6 
8 
24 
19 
8 
9 

<858>
228 
22 
23 
5 
23 
8 
25 
8 
6 
28 

<859>
213 
26 
13 
27 
10 
8 
13 
25 
19 
24 

<860>
227 
24 
2 
25 
27 
29 
24 
20 
9 
1 

<861>
219 
7 
15 
13 
12 
29 
12 
6 
29 
17 

<862>
202 
4 
5 
7 
30 
14 
7 
5 
8 
25 

<863>
227 
27 
18 
22 
14 
14 
12 
7 
25 
21 

<864>
229 
15 
27 
14 
19 
30 
4 
30 
27 
2 

<865>
208 
21 
5 
13 
28 
5 
26 
4 
1 
25 

<866>
227 
28 
13 
15 
11 
26 
21 
23 
25 
15 

<867>
212 
24 
21 
1 
29 
9 
23 
2 
1 
19 

<868>
203 
9 
10 
30 
13 
7 
26 
30 
10 
26 

<869>
215 
29 
16 
28 
13 
26 
16 
25 
10 
2 

<870>
209 
14 
25 
22 
15 
15 
23 
29 
8 
23 

<871>
216 
11 
23 
26 
3 
27 
24 
28 
26 
25 

<872>
223 
3 
23 
9 
22 
28 
26 
7 
22 
6 

<873>
207 
23 
11 
24 
7 
17 
30 
29 
15 
8 

<874>
212 
2 
10 
27 
19 
12 
23 
5 
10 
10 

<875>
228 
25 
4 
14 
3 
25 
3 
20 
2 
16 

<876>
216 
1 
9 
28 
17 
15 
14 
16 
5 
29 

<877>
222 
9 
22 
25 
5 
2 
28 
19 
6 
7 

<878>
219 
27 
1 
23 
10 
25 
17 
12 
7 
18 

<879>
226 
23 
11 
27 
20 
27 
3 
26 
12 
29 

<880>
215 
27 
7 
7 
13 
11 
8 
10 
21 
14 

<881>
216 
10 
2 
9 
2 
11 
26 
19 
14 
2 

<882>
227 
2 
24 
8 
21 
6 
26 
15 
23 
8 

<883>
213 
8 
26 
20 
14 
8 
23 
13 
17 
13 

<884>
217 
25 
23 
19 
26 
16 
29 
21 
26 
4 

<885>
213 
24 
28 
29 
23 
18 
4 
19 
2 
18 

<886>
217 
7 
25 
5 
27 
30 
12 
11 
13 
20 

<887>
222 
30 
7 
7 
19 
2 
15 
9 
14 
10 

<888>
204 
27 
25 
2 
17 
18 
11 
21 
28 
4 

<889>
229 
7 
11 
25 
11 
7 
24 
14 
17 
28 

<890>
224 
1 
20 
1 
30 
30 
24 
14 
8 
29 

<891>
214 
4 
17 
10 
27 
4 
19 
7 
16 
8 

<892>
210 
15 
14 
21 
1 
24 
19 
17 
29 
27 

<893>
213 
23 
19 
3 
16 
18 
2 
1 
23 
2 

<894>
229 
8 
5 
16 
9 
2 
11 
27 
30 
26 

<895>
203 
10 
3 
17 
22 
3 
2 
10 
19 
30 

<896>
227 
3 
14 
17 
27 
29 
26 
21 
30 
19 

<897>
221 
29 
18 
18 
6 
26 
11 
17 
22 
11 

<898>
203 
17 
12 
6 
25 
4 
9 
26 
5 
19 

<899>
216 
25 
13 
22 
11 
10 
21 
6 
30 
12 

<900>
223 
13 
10 
11 
22 
7 
28 
3 
15 
19 

<901>
204 
11 
27 
16 
16 
21 
11 
16 
8 
8 

<902>
204 
16 
2 
17 
8 
4 
18 
28 
9 
17 

<903>
208 
25 
21 
10 
27 
13 
8 
25 
7 
15 

<904>
204 
11 
25 
2 
18 
10 
14 
21 
18 
22 

<905>
227 
22 
29 
21 
30 
6 
24 
18 
25 
24 

<906>
225 
25 
18 
9 
26 
7 
21 
4 
1 
27 

<907>
217 
27 
29 
4 
28 
8 
5 
4 
28 
22 

<908>
224 
17 
5 
23 
29 
27 
21 
22 
14 
15 

<909>
207 
1 
10 
25 
9 
5 
23 
21 
30 
23 

<910>
216 
9 
12 
7 
12 
1 
15 
9 
4 
4 

<911>
229 
20 
13 
27 
5 
11 
23 
25 
25 
6 

<912>
208 
2 
28 
10 
18 
7 
7 
11 
27 
28 

<913>
224 
6 
7 
6 
4 
10 
7 
10 
18 
10 

<914>
213 
10 
30 
26 
6 
4 
28 
20 
20 
14 

<915>
216 
20 
15 
14 
30 
25 
20 
28 
5 
9 

<916>
224 
21 
6 
23 
27 
9 
25 
3 
19 
4 

<917>
203 
24 
5 
3 
19 
10 
28 
8 
21 
17 

<918>
221 
7 
7 
28 
21 
28 
22 
2 
17 
18 

<919>
201 
3 
9 
7 
18 
5 
16 
12 
29 
4 

<920>
206 
2 
27 
12 
27 
7 
13 
16 
6 
4 

<921>
224 
27 
10 
23 
17 
30 
20 
8 
24 
28 

<922>
217 
25 
30 
26 
2 
17 
22 
9 
28 
20 

<923>
211 
5 
13 
30 
8 
1 
28 
20 
17 
3 

<924>
222 
3 
22 
3 
25 
8 
24 
6 
7 
9 

<925>
202 
24 
4 
2 
11 
27 
11 
2 
5 
8 

<926>
212 
8 
4 
18 
7 
3 
10 
26 
23 
18 

<927>
219 
15 
20 
11 
9 
14 
10 
25 
19 
17 

<928>
224 
13 
2 
28 
15 
5 
16 
25 
6 
20 

<929>
223 
11 
19 
20 
20 
17 
22 
29 
12 
6 

<930>
216 
2 
13 
28 
4 
21 
4 
14 
7 
14 

<931>
221 
2 
27 
23 
21 
3 
19 
7 
19 
17 

<932>
217 
4 
27 
7 
15 
8 
15 
29 
28 
27 

<933>
203 
6 
20 
16 
4 
23 
29 
7 
6 
5 

<934>
219 
27 
28 
8 
12 
19 
10 
30 
17 
28 

<935>
215 
26 
24 
4 
2 
8 
3 
17 
6 
1 

<936>
204 
10 
6 
24 
17 
9 
16 
15 
7 
14 

<937>
211 
27 
2 
9 
26 
5 
19 
6 
5 
27 

<938>
224 
12 
23 
18 
8 
16 
26 
10 
24 
23 

<939>
209 
28 
24 
16 
13 
11 
16 
21 
17 
23 

<940>
203 
28 
11 
27 
29 
6 
2 
9 
3 
28 

<941>
205 
28 
9 
20 
7 
8 
5 
24 
18 
29 

<942>
216 
19 
18 
10 
26 
1 
12 
12 
21 
29 

<943>
225 
16 
18 
6 
12 
8 
3 
13 
9 
6 

<944>
201 
14 
3 
11 
3 
9 
10 
29 
25 
19 

<945>
226 
11 
8 
7 
12 
3 
7 
16 
6 
19 

<946>
213 
1 
26 
23 
28 
7 
1 
1 
12 
9 

<947>
205 
13 
14 
30 
15 
8 
30 
25 
28 
24 

<948>
212 
25 
26 
12 
23 
30 
7 
29 
15 
4 

<949>
208 
20 
5 
4 
12 
24 
10 
4 
24 
13 

<950>
203 
21 
18 
9 
12 
2 
16 
4 
18 
14 

<951>
226 
23 
30 
15 
4 
22 
14 
2 
12 
20 

<952>
205 
20 
9 
2 
23 
20 
25 
24 
16 
11 

<953>
228 
19 
23 
16 
28 
5 
9 
5 
8 
27 

<954>
209 
26 
19 
9 
2 
14 
22 
7 
16 
3 

<955>
225 
21 
14 
4 
14 
28 
16 
8 
14 
1 

<956>
217 
12 
11 
3 
19 
8 
7 
27 
5 
6 

<957>
222 
14 
23 
3 
23 
25 
17 
6 
1 
24 

<958>
200 
19 
6 
14 
22 
19 
4 
7 
26 
17 

<959>
228 
6 
20 
10 
8 
8 
9 
6 
4 
13 

<960>
202 
19 
27 
25 
21 
11 
11 
29 
16 
4 

<961>
221 
8 
22 
27 
22 
5 
7 
17 
12 
25 

<962>
202 
2 
30 
14 
11 
29 
21 
20 
26 
16 

<963>
223 
28 
4 
20 
22 
17 
30 
25 
15 
8 

<964>
227 
29 
15 
19 
17 
28 
23 
24 
14 
26 

<965>
217 
8 
20 
9 
21 
30 
29 
11 
11 
24 

<966>
218 
27 
21 
14 
16 
12 
30 
8 
28 
7 

<967>
214 
25 
5 
21 
5 
13 
19 
28 
6 
2 

<968>
214 
15 
2 
4 
15 
22 
26 
13 
25 
28 

<969>
205 
13 
24 
26 
26 
10 
30 
26 
9 
27 

<970>
223 
23 
14 
20 
13 
18 
2 
23 
7 
30 

<971>
216 
22 
6 
18 
17 
21 
9 
12 
25 
3 

<972>
209 
1 
7 
25 
18 
3 
26 
9 
20 
4 

<973>
227 
5 
18 
11 
24 
23 
28 
25 
15 
5 

<974>
215 
1 
18 
22 
10 
4 
12 
11 
8 
6 

<975>
204 
9 
28 
12 
3 
8 
6 
29 
16 
17 

<976>
201 
13 
21 
12 
15 
14 
4 
13 
30 
18 

<977>
208 
16 
11 
26 
7 
12 
21 
10 
22 
28 

<978>
206 
27 
6 
27 
8 
9 
4 
5 
29 
19 

<979>
220 
22 
24 
11 
3 
8 
16 
6 
12 
15 

<980>
215 
12 
30 
18 
7 
28 
29 
20 
29 
21 

<981>
216 
6 
9 
15 
2 
8 
15 
5 
12 
13 

<982>
214 
2 
26 
8 
4 
29 
8 
11 
26 
11 

<983>
224 
11 
23 
17 
20 
21 
6 
19 
10 
5 

<984>
200 
19 
10 
9 
3 
3 
16 
9 
29 
19 

<985>
212 
13 
12 
8 
13 
15 
28 
12 
25 
24 

<986>
221 
11 
26 
14 
19 
16 
5 
25 
26 
14 

<987>
228 
18 
24 
30 
18 
18 
2 
3 
26 
30 

<988>
212 
8 
4 
24 
16 
8 
30 
13 
19 
24 

<989>
227 
11 
26 
16 
16 
15 
23 
12 
9 
18 

<990>
217 
29 
27 
11 
28 
14 
29 
29 
8 
24 

<991>
219 
20 
2 
15 
13 
9 
23 
12 
13 
11 

<992>
226 
11 
13 
22 
18 
21 
28 
10 
2 
6 

<993>
218 
19 
26 
15 
30 
23 
28 
20 
13 
5 

<994>
212 
24 
24 
6 
9 
6 
6 
1 
9 
19 

<995>
202 
5 
21 
8 
26 
8 
20 
16 
17 
21 

<996>
220 
5 
2 
17 
11 
23 
1 
8 
12 
14 

<997>
203 
24 
7 
27 
22 
7 
24 
27 
29 
2 

<998>
206 
24 
6 
27 
1 
23 
26 
12 
30 
12 

<999>
201 
21 
8 
25 
29 
18 
17 
21 
17 
28 

<1000>
203 
20 
14 
3 
8 
5 
1 
1 
23 
30 

